Running configuration: out/out_A64_64_R64_64_PE2_2
Fabric dimensions: 9x4
compile successful
Input x: [2. 3. 4. 4.]
Input x alt: [2. 3. 4. 4.]
Iteration 1, x: [ -6.75 -12.     4.    -3.  ]
A shape: (4, 4)
b shape: (4,)
x shape: (4,)
D_inv shape: (4, 4)
term1 shape: (4,)
eye_matrix shape: (4, 4)
D_inv*A shape: (4, 4)
(I-omega*D_inv*A) shape: (4, 4)
term2 shape: (4,)
Iteration 1, x: [ -6.75       -12.           4.          -3.00000012]
x shape: (4,)
Smoothed x: [ -6.75 -12.     4.    -3.  ]
Smoothed x alt: [ -6.75       -12.           4.          -3.00000012]
Iteration 1, x: [ -221.52406    -71.16027    -79.17747    -31.584318   -15.618873
   -32.60714    -37.125526   -23.14698    -24.038767   -24.036976
   -35.49751    -56.47411    -24.309935   -18.884893   -29.615639
  -267.88678    -18.369234 -2281.6113     -39.003193   -18.328518
   -22.938519   -15.297801 -1860.8477     -49.66001    -21.930017
   -16.779633   -54.7997    -115.89555    -80.050896   -66.37277
   -42.82478    -37.816635   -21.349936  -106.05309    -17.01229
   -14.995845 -7480.693      -35.04286    -18.84204    -35.632942
   -38.826355  -104.59665    -60.975548  -251.41983    -24.012527
  -111.71911    -80.346565   -17.016977   -20.569536  -222.93031
   -20.59113    -90.97114    -38.26635    -83.98671    -23.184784
   -24.615812   -29.702196  -112.562645   -14.009727   -18.047697
   -35.50998   -153.02766    -23.102617   -16.434175]
residual:
 [ 9068.22    4201.609   7498.3506  7289.1064  4516.4478 10697.824
  9751.199   9320.107   8982.42    3174.5134  6611.5093  9250.34
 10167.81    4396.918   5674.2847 11652.558   6865.423   7242.395
  4500.254   7939.042   7176.6343  7041.5137 10550.295   4226.61
  6356.509   8086.3213  6650.86    6056.6626  7222.0806 10306.763
  4519.1987  5844.1035  5700.7607  8185.9297  7707.0273  8182.4365
  3038.072   6065.812   5680.7476 11495.462   4704.2705  7571.763
  8102.304   5909.8257  9670.731   6453.0986  6803.747   7776.6626
  9578.723   6548.0005 11640.317   7551.716  10814.326   6506.571
 11387.443   6776.4956  8164.097   5791.704  10778.213  10884.533
  7911.84    8319.98   11289.805   5907.4263]
Copying data...
Launching kernel...
Kernel execution time: 6.753 seconds
Copied back result.
b_next_host calculated:  [251977.92 237678.97 254562.81 223541.81 244103.17 243842.72 209395.12
 213396.44 230201.38 230575.28 230353.6  256755.58 246808.22 249667.72
 238826.92 239814.58 216036.36 253448.38 204260.06 227373.56 234284.56
 266573.   239224.61 258143.88 247145.53 228383.88 239632.47 264559.
 242412.16 260263.94 227767.27 255458.5  242065.34 258765.72 241306.97
 252717.94 234361.39 224084.56 248816.53 219617.   248700.69 246237.28
 252572.11 232657.52 238854.88 259221.02 260809.62 252126.14 267230.72
 246006.55 234955.86 248130.94 215304.66 240566.62 235683.78 238893.19
 249377.16 239304.08 230319.19 227800.81 254948.77 247484.28 251283.22
 239517.88]
b_next_device calculated:  [251977.9  237678.97 254562.78 223541.81 244103.16 243842.72 209395.16
 213396.44 230201.38 230575.25 230353.6  256755.58 246808.17 249667.67
 238826.89 239814.55 216036.34 253448.34 204260.03 227373.55 234284.53
 266573.   239224.6  258143.89 247145.5  228383.88 239632.44 264559.
 242412.16 260263.9  227767.23 255458.48 242065.33 258765.69 241306.97
 252717.92 234361.38 224084.56 248816.53 219617.   248700.67 246237.25
 252572.1  232657.5  238854.84 259221.03 260809.6  252126.14 267230.72
 246006.48 234955.88 248130.88 215304.66 240566.62 235683.77 238893.16
 249377.14 239304.06 230319.19 227800.8  254948.73 247484.25 251283.22
 239517.84]
SUCCESS
Completed configuration: out/out_A64_64_R64_64_PE2_2
Moving sim* files to out directory
----------------------------------------
Running configuration: out/out_A64_64_R64_64_PE4_4
Fabric dimensions: 11x6
compile successful
Input x: [2. 3. 4. 4.]
Input x alt: [2. 3. 4. 4.]
Iteration 1, x: [ -6.75 -12.     4.    -3.  ]
A shape: (4, 4)
b shape: (4,)
x shape: (4,)
D_inv shape: (4, 4)
term1 shape: (4,)
eye_matrix shape: (4, 4)
D_inv*A shape: (4, 4)
(I-omega*D_inv*A) shape: (4, 4)
term2 shape: (4,)
Iteration 1, x: [ -6.75       -12.           4.          -3.00000012]
x shape: (4,)
Smoothed x: [ -6.75 -12.     4.    -3.  ]
Smoothed x alt: [ -6.75       -12.           4.          -3.00000012]
Iteration 1, x: [ -221.52406    -71.16027    -79.17747    -31.584318   -15.618873
   -32.60714    -37.125526   -23.14698    -24.038767   -24.036976
   -35.49751    -56.47411    -24.309935   -18.884893   -29.615639
  -267.88678    -18.369234 -2281.6113     -39.003193   -18.328518
   -22.938519   -15.297801 -1860.8477     -49.66001    -21.930017
   -16.779633   -54.7997    -115.89555    -80.050896   -66.37277
   -42.82478    -37.816635   -21.349936  -106.05309    -17.01229
   -14.995845 -7480.693      -35.04286    -18.84204    -35.632942
   -38.826355  -104.59665    -60.975548  -251.41983    -24.012527
  -111.71911    -80.346565   -17.016977   -20.569536  -222.93031
   -20.59113    -90.97114    -38.26635    -83.98671    -23.184784
   -24.615812   -29.702196  -112.562645   -14.009727   -18.047697
   -35.50998   -153.02766    -23.102617   -16.434175]
residual:
 [ 9068.22    4201.609   7498.3506  7289.1064  4516.4478 10697.824
  9751.199   9320.107   8982.42    3174.5134  6611.5093  9250.34
 10167.81    4396.918   5674.2847 11652.558   6865.423   7242.395
  4500.254   7939.042   7176.6343  7041.5137 10550.295   4226.61
  6356.509   8086.3213  6650.86    6056.6626  7222.0806 10306.763
  4519.1987  5844.1035  5700.7607  8185.9297  7707.0273  8182.4365
  3038.072   6065.812   5680.7476 11495.462   4704.2705  7571.763
  8102.304   5909.8257  9670.731   6453.0986  6803.747   7776.6626
  9578.723   6548.0005 11640.317   7551.716  10814.326   6506.571
 11387.443   6776.4956  8164.097   5791.704  10778.213  10884.533
  7911.84    8319.98   11289.805   5907.4263]
Copying data...
Launching kernel...
Kernel execution time: 4.700 seconds
Copied back result.
b_next_host calculated:  [251977.92 237678.97 254562.81 223541.81 244103.17 243842.72 209395.12
 213396.44 230201.38 230575.28 230353.6  256755.58 246808.22 249667.72
 238826.92 239814.58 216036.36 253448.38 204260.06 227373.56 234284.56
 266573.   239224.61 258143.88 247145.53 228383.88 239632.47 264559.
 242412.16 260263.94 227767.27 255458.5  242065.34 258765.72 241306.97
 252717.94 234361.39 224084.56 248816.53 219617.   248700.69 246237.28
 252572.11 232657.52 238854.88 259221.02 260809.62 252126.14 267230.72
 246006.55 234955.86 248130.94 215304.66 240566.62 235683.78 238893.19
 249377.16 239304.08 230319.19 227800.81 254948.77 247484.28 251283.22
 239517.88]
b_next_device calculated:  [251977.9  237678.97 254562.8  223541.81 244103.16 243842.72 209395.14
 213396.42 230201.36 230575.27 230353.61 256755.55 246808.19 249667.69
 238826.9  239814.58 216036.34 253448.34 204260.05 227373.55 234284.55
 266573.   239224.6  258143.89 247145.52 228383.88 239632.44 264559.03
 242412.16 260263.9  227767.25 255458.5  242065.33 258765.72 241306.97
 252717.9  234361.39 224084.56 248816.53 219616.98 248700.66 246237.28
 252572.1  232657.5  238854.88 259221.   260809.62 252126.12 267230.72
 246006.53 234955.88 248130.89 215304.67 240566.62 235683.77 238893.17
 249377.16 239304.06 230319.19 227800.81 254948.75 247484.28 251283.23
 239517.88]
SUCCESS
Completed configuration: out/out_A64_64_R64_64_PE4_4
Moving sim* files to out directory
----------------------------------------
Running configuration: out/out_A64_64_R64_64_PE32_32
Fabric dimensions: 39x34
compile successful
Input x: [2. 3. 4. 4.]
Input x alt: [2. 3. 4. 4.]
Iteration 1, x: [ -6.75 -12.     4.    -3.  ]
A shape: (4, 4)
b shape: (4,)
x shape: (4,)
D_inv shape: (4, 4)
term1 shape: (4,)
eye_matrix shape: (4, 4)
D_inv*A shape: (4, 4)
(I-omega*D_inv*A) shape: (4, 4)
term2 shape: (4,)
Iteration 1, x: [ -6.75       -12.           4.          -3.00000012]
x shape: (4,)
Smoothed x: [ -6.75 -12.     4.    -3.  ]
Smoothed x alt: [ -6.75       -12.           4.          -3.00000012]
Iteration 1, x: [ -221.52406    -71.16027    -79.17747    -31.584318   -15.618873
   -32.60714    -37.125526   -23.14698    -24.038767   -24.036976
   -35.49751    -56.47411    -24.309935   -18.884893   -29.615639
  -267.88678    -18.369234 -2281.6113     -39.003193   -18.328518
   -22.938519   -15.297801 -1860.8477     -49.66001    -21.930017
   -16.779633   -54.7997    -115.89555    -80.050896   -66.37277
   -42.82478    -37.816635   -21.349936  -106.05309    -17.01229
   -14.995845 -7480.693      -35.04286    -18.84204    -35.632942
   -38.826355  -104.59665    -60.975548  -251.41983    -24.012527
  -111.71911    -80.346565   -17.016977   -20.569536  -222.93031
   -20.59113    -90.97114    -38.26635    -83.98671    -23.184784
   -24.615812   -29.702196  -112.562645   -14.009727   -18.047697
   -35.50998   -153.02766    -23.102617   -16.434175]
residual:
 [ 9068.22    4201.609   7498.3506  7289.1064  4516.4478 10697.824
  9751.199   9320.107   8982.42    3174.5134  6611.5093  9250.34
 10167.81    4396.918   5674.2847 11652.558   6865.423   7242.395
  4500.254   7939.042   7176.6343  7041.5137 10550.295   4226.61
  6356.509   8086.3213  6650.86    6056.6626  7222.0806 10306.763
  4519.1987  5844.1035  5700.7607  8185.9297  7707.0273  8182.4365
  3038.072   6065.812   5680.7476 11495.462   4704.2705  7571.763
  8102.304   5909.8257  9670.731   6453.0986  6803.747   7776.6626
  9578.723   6548.0005 11640.317   7551.716  10814.326   6506.571
 11387.443   6776.4956  8164.097   5791.704  10778.213  10884.533
  7911.84    8319.98   11289.805   5907.4263]
Copying data...
Launching kernel...
Kernel execution time: 40.421 seconds
Copied back result.
b_next_host calculated:  [251977.92 237678.97 254562.81 223541.81 244103.17 243842.72 209395.12
 213396.44 230201.38 230575.28 230353.6  256755.58 246808.22 249667.72
 238826.92 239814.58 216036.36 253448.38 204260.06 227373.56 234284.56
 266573.   239224.61 258143.88 247145.53 228383.88 239632.47 264559.
 242412.16 260263.94 227767.27 255458.5  242065.34 258765.72 241306.97
 252717.94 234361.39 224084.56 248816.53 219617.   248700.69 246237.28
 252572.11 232657.52 238854.88 259221.02 260809.62 252126.14 267230.72
 246006.55 234955.86 248130.94 215304.66 240566.62 235683.78 238893.19
 249377.16 239304.08 230319.19 227800.81 254948.77 247484.28 251283.22
 239517.88]
b_next_device calculated:  [251977.94 237679.   254562.8  223541.83 244103.16 243842.72 209395.14
 213396.42 230201.36 230575.3  230353.56 256755.56 246808.19 249667.7
 238826.94 239814.6  216036.34 253448.39 204260.05 227373.56 234284.53
 266573.   239224.6  258143.84 247145.5  228383.89 239632.44 264559.06
 242412.17 260263.9  227767.28 255458.53 242065.34 258765.72 241306.95
 252717.9  234361.4  224084.56 248816.52 219616.98 248700.62 246237.3
 252572.1  232657.52 238854.92 259221.   260809.61 252126.12 267230.7
 246006.53 234955.84 248130.94 215304.66 240566.64 235683.78 238893.19
 249377.17 239304.11 230319.2  227800.8  254948.73 247484.27 251283.23
 239517.86]
SUCCESS
Completed configuration: out/out_A64_64_R64_64_PE32_32
Moving sim* files to out directory
----------------------------------------
Running configuration: out/out_A64_64_R64_64_PE8_8
Fabric dimensions: 15x10
compile successful
Input x: [2. 3. 4. 4.]
Input x alt: [2. 3. 4. 4.]
Iteration 1, x: [ -6.75 -12.     4.    -3.  ]
A shape: (4, 4)
b shape: (4,)
x shape: (4,)
D_inv shape: (4, 4)
term1 shape: (4,)
eye_matrix shape: (4, 4)
D_inv*A shape: (4, 4)
(I-omega*D_inv*A) shape: (4, 4)
term2 shape: (4,)
Iteration 1, x: [ -6.75       -12.           4.          -3.00000012]
x shape: (4,)
Smoothed x: [ -6.75 -12.     4.    -3.  ]
Smoothed x alt: [ -6.75       -12.           4.          -3.00000012]
Iteration 1, x: [ -221.52406    -71.16027    -79.17747    -31.584318   -15.618873
   -32.60714    -37.125526   -23.14698    -24.038767   -24.036976
   -35.49751    -56.47411    -24.309935   -18.884893   -29.615639
  -267.88678    -18.369234 -2281.6113     -39.003193   -18.328518
   -22.938519   -15.297801 -1860.8477     -49.66001    -21.930017
   -16.779633   -54.7997    -115.89555    -80.050896   -66.37277
   -42.82478    -37.816635   -21.349936  -106.05309    -17.01229
   -14.995845 -7480.693      -35.04286    -18.84204    -35.632942
   -38.826355  -104.59665    -60.975548  -251.41983    -24.012527
  -111.71911    -80.346565   -17.016977   -20.569536  -222.93031
   -20.59113    -90.97114    -38.26635    -83.98671    -23.184784
   -24.615812   -29.702196  -112.562645   -14.009727   -18.047697
   -35.50998   -153.02766    -23.102617   -16.434175]
residual:
 [ 9068.22    4201.609   7498.3506  7289.1064  4516.4478 10697.824
  9751.199   9320.107   8982.42    3174.5134  6611.5093  9250.34
 10167.81    4396.918   5674.2847 11652.558   6865.423   7242.395
  4500.254   7939.042   7176.6343  7041.5137 10550.295   4226.61
  6356.509   8086.3213  6650.86    6056.6626  7222.0806 10306.763
  4519.1987  5844.1035  5700.7607  8185.9297  7707.0273  8182.4365
  3038.072   6065.812   5680.7476 11495.462   4704.2705  7571.763
  8102.304   5909.8257  9670.731   6453.0986  6803.747   7776.6626
  9578.723   6548.0005 11640.317   7551.716  10814.326   6506.571
 11387.443   6776.4956  8164.097   5791.704  10778.213  10884.533
  7911.84    8319.98   11289.805   5907.4263]
Copying data...
Launching kernel...
Kernel execution time: 6.857 seconds
Copied back result.
b_next_host calculated:  [251977.92 237678.97 254562.81 223541.81 244103.17 243842.72 209395.12
 213396.44 230201.38 230575.28 230353.6  256755.58 246808.22 249667.72
 238826.92 239814.58 216036.36 253448.38 204260.06 227373.56 234284.56
 266573.   239224.61 258143.88 247145.53 228383.88 239632.47 264559.
 242412.16 260263.94 227767.27 255458.5  242065.34 258765.72 241306.97
 252717.94 234361.39 224084.56 248816.53 219617.   248700.69 246237.28
 252572.11 232657.52 238854.88 259221.02 260809.62 252126.14 267230.72
 246006.55 234955.86 248130.94 215304.66 240566.62 235683.78 238893.19
 249377.16 239304.08 230319.19 227800.81 254948.77 247484.28 251283.22
 239517.88]
b_next_device calculated:  [251977.94 237679.   254562.8  223541.8  244103.17 243842.73 209395.16
 213396.45 230201.38 230575.28 230353.6  256755.58 246808.19 249667.72
 238826.9  239814.58 216036.34 253448.38 204260.06 227373.56 234284.56
 266573.03 239224.6  258143.89 247145.53 228383.89 239632.45 264559.03
 242412.16 260263.94 227767.27 255458.5  242065.34 258765.72 241306.97
 252717.92 234361.38 224084.56 248816.53 219617.   248700.69 246237.28
 252572.08 232657.52 238854.9  259221.03 260809.62 252126.14 267230.75
 246006.55 234955.88 248130.92 215304.67 240566.6  235683.77 238893.17
 249377.19 239304.1  230319.2  227800.8  254948.75 247484.28 251283.25
 239517.88]
SUCCESS
Completed configuration: out/out_A64_64_R64_64_PE8_8
Moving sim* files to out directory
----------------------------------------
Running configuration: out/out_A64_64_R64_64_PE16_16
Fabric dimensions: 23x18
compile successful
Input x: [2. 3. 4. 4.]
Input x alt: [2. 3. 4. 4.]
Iteration 1, x: [ -6.75 -12.     4.    -3.  ]
A shape: (4, 4)
b shape: (4,)
x shape: (4,)
D_inv shape: (4, 4)
term1 shape: (4,)
eye_matrix shape: (4, 4)
D_inv*A shape: (4, 4)
(I-omega*D_inv*A) shape: (4, 4)
term2 shape: (4,)
Iteration 1, x: [ -6.75       -12.           4.          -3.00000012]
x shape: (4,)
Smoothed x: [ -6.75 -12.     4.    -3.  ]
Smoothed x alt: [ -6.75       -12.           4.          -3.00000012]
Iteration 1, x: [ -221.52406    -71.16027    -79.17747    -31.584318   -15.618873
   -32.60714    -37.125526   -23.14698    -24.038767   -24.036976
   -35.49751    -56.47411    -24.309935   -18.884893   -29.615639
  -267.88678    -18.369234 -2281.6113     -39.003193   -18.328518
   -22.938519   -15.297801 -1860.8477     -49.66001    -21.930017
   -16.779633   -54.7997    -115.89555    -80.050896   -66.37277
   -42.82478    -37.816635   -21.349936  -106.05309    -17.01229
   -14.995845 -7480.693      -35.04286    -18.84204    -35.632942
   -38.826355  -104.59665    -60.975548  -251.41983    -24.012527
  -111.71911    -80.346565   -17.016977   -20.569536  -222.93031
   -20.59113    -90.97114    -38.26635    -83.98671    -23.184784
   -24.615812   -29.702196  -112.562645   -14.009727   -18.047697
   -35.50998   -153.02766    -23.102617   -16.434175]
residual:
 [ 9068.22    4201.609   7498.3506  7289.1064  4516.4478 10697.824
  9751.199   9320.107   8982.42    3174.5134  6611.5093  9250.34
 10167.81    4396.918   5674.2847 11652.558   6865.423   7242.395
  4500.254   7939.042   7176.6343  7041.5137 10550.295   4226.61
  6356.509   8086.3213  6650.86    6056.6626  7222.0806 10306.763
  4519.1987  5844.1035  5700.7607  8185.9297  7707.0273  8182.4365
  3038.072   6065.812   5680.7476 11495.462   4704.2705  7571.763
  8102.304   5909.8257  9670.731   6453.0986  6803.747   7776.6626
  9578.723   6548.0005 11640.317   7551.716  10814.326   6506.571
 11387.443   6776.4956  8164.097   5791.704  10778.213  10884.533
  7911.84    8319.98   11289.805   5907.4263]
Copying data...
Launching kernel...
Kernel execution time: 12.897 seconds
Copied back result.
b_next_host calculated:  [251977.92 237678.97 254562.81 223541.81 244103.17 243842.72 209395.12
 213396.44 230201.38 230575.28 230353.6  256755.58 246808.22 249667.72
 238826.92 239814.58 216036.36 253448.38 204260.06 227373.56 234284.56
 266573.   239224.61 258143.88 247145.53 228383.88 239632.47 264559.
 242412.16 260263.94 227767.27 255458.5  242065.34 258765.72 241306.97
 252717.94 234361.39 224084.56 248816.53 219617.   248700.69 246237.28
 252572.11 232657.52 238854.88 259221.02 260809.62 252126.14 267230.72
 246006.55 234955.86 248130.94 215304.66 240566.62 235683.78 238893.19
 249377.16 239304.08 230319.19 227800.81 254948.77 247484.28 251283.22
 239517.88]
b_next_device calculated:  [251977.92 237678.98 254562.84 223541.81 244103.16 243842.72 209395.14
 213396.44 230201.36 230575.28 230353.6  256755.58 246808.2  249667.7
 238826.92 239814.58 216036.34 253448.39 204260.05 227373.56 234284.58
 266573.03 239224.6  258143.88 247145.52 228383.88 239632.44 264559.03
 242412.19 260263.94 227767.28 255458.52 242065.34 258765.72 241306.97
 252717.94 234361.38 224084.56 248816.56 219616.98 248700.69 246237.28
 252572.1  232657.53 238854.88 259221.03 260809.61 252126.11 267230.72
 246006.53 234955.88 248130.94 215304.67 240566.62 235683.8  238893.2
 249377.17 239304.1  230319.22 227800.8  254948.77 247484.28 251283.23
 239517.88]
SUCCESS
Completed configuration: out/out_A64_64_R64_64_PE16_16
Moving sim* files to out directory
----------------------------------------
Running configuration: out/out_A16_16_R16_16_PE8_8
Fabric dimensions: 15x10
compile successful
Input x: [2. 3. 4. 4.]
Input x alt: [2. 3. 4. 4.]
Iteration 1, x: [ -6.75 -12.     4.    -3.  ]
A shape: (4, 4)
b shape: (4,)
x shape: (4,)
D_inv shape: (4, 4)
term1 shape: (4,)
eye_matrix shape: (4, 4)
D_inv*A shape: (4, 4)
(I-omega*D_inv*A) shape: (4, 4)
term2 shape: (4,)
Iteration 1, x: [ -6.75       -12.           4.          -3.00000012]
x shape: (4,)
Smoothed x: [ -6.75 -12.     4.    -3.  ]
Smoothed x alt: [ -6.75       -12.           4.          -3.00000012]
Iteration 1, x: [-48.908337   -6.4469314  -9.820903   -9.070678   -3.4117885  -7.224596
  -4.360041  -20.925753   -4.796672   -4.8734503 -13.203632  -16.849152
  -5.092914  -16.222826   -5.2929397  -5.0084953]
residual:
 [ 66.117935  84.18788   85.59964   69.88655   92.77528  100.08018
 106.154274  86.62043  115.04924   94.01408   65.65126   69.22514
  88.24368  107.66163  108.48902  112.88128 ]
Copying data...
Launching kernel...
Kernel execution time: 3.317 seconds
Copied back result.
b_next_host calculated:  [540.59827 859.66736 673.14813 691.0194  744.82947 674.5087  869.5967
 815.9423  953.09406 654.13025 800.7799  456.52185 830.9719  648.86035
 901.1461  696.32544]
b_next_device calculated:  [540.59827 859.66724 673.14813 691.0194  744.8295  674.5087  869.5967
 815.9422  953.0941  654.13025 800.7799  456.5219  830.9719  648.86035
 901.14606 696.32544]
SUCCESS
Completed configuration: out/out_A16_16_R16_16_PE8_8
Moving sim* files to out directory
----------------------------------------
Running configuration: out/out_A16_16_R16_16_PE4_4
Fabric dimensions: 11x6
compile successful
Input x: [2. 3. 4. 4.]
Input x alt: [2. 3. 4. 4.]
Iteration 1, x: [ -6.75 -12.     4.    -3.  ]
A shape: (4, 4)
b shape: (4,)
x shape: (4,)
D_inv shape: (4, 4)
term1 shape: (4,)
eye_matrix shape: (4, 4)
D_inv*A shape: (4, 4)
(I-omega*D_inv*A) shape: (4, 4)
term2 shape: (4,)
Iteration 1, x: [ -6.75       -12.           4.          -3.00000012]
x shape: (4,)
Smoothed x: [ -6.75 -12.     4.    -3.  ]
Smoothed x alt: [ -6.75       -12.           4.          -3.00000012]
Iteration 1, x: [-48.908337   -6.4469314  -9.820903   -9.070678   -3.4117885  -7.224596
  -4.360041  -20.925753   -4.796672   -4.8734503 -13.203632  -16.849152
  -5.092914  -16.222826   -5.2929397  -5.0084953]
residual:
 [ 66.117935  84.18788   85.59964   69.88655   92.77528  100.08018
 106.154274  86.62043  115.04924   94.01408   65.65126   69.22514
  88.24368  107.66163  108.48902  112.88128 ]
Copying data...
Launching kernel...
Kernel execution time: 2.371 seconds
Copied back result.
b_next_host calculated:  [540.59827 859.66736 673.14813 691.0194  744.82947 674.5087  869.5967
 815.9423  953.09406 654.13025 800.7799  456.52185 830.9719  648.86035
 901.1461  696.32544]
b_next_device calculated:  [540.59827 859.66724 673.14813 691.0194  744.8295  674.5087  869.5967
 815.9423  953.0941  654.13025 800.7799  456.52185 830.9719  648.86035
 901.1461  696.32544]
SUCCESS
Completed configuration: out/out_A16_16_R16_16_PE4_4
Moving sim* files to out directory
----------------------------------------
Running configuration: out/out_A16_16_R16_16_PE2_2
Fabric dimensions: 9x4
compile successful
Input x: [2. 3. 4. 4.]
Input x alt: [2. 3. 4. 4.]
Iteration 1, x: [ -6.75 -12.     4.    -3.  ]
A shape: (4, 4)
b shape: (4,)
x shape: (4,)
D_inv shape: (4, 4)
term1 shape: (4,)
eye_matrix shape: (4, 4)
D_inv*A shape: (4, 4)
(I-omega*D_inv*A) shape: (4, 4)
term2 shape: (4,)
Iteration 1, x: [ -6.75       -12.           4.          -3.00000012]
x shape: (4,)
Smoothed x: [ -6.75 -12.     4.    -3.  ]
Smoothed x alt: [ -6.75       -12.           4.          -3.00000012]
Iteration 1, x: [-48.908337   -6.4469314  -9.820903   -9.070678   -3.4117885  -7.224596
  -4.360041  -20.925753   -4.796672   -4.8734503 -13.203632  -16.849152
  -5.092914  -16.222826   -5.2929397  -5.0084953]
residual:
 [ 66.117935  84.18788   85.59964   69.88655   92.77528  100.08018
 106.154274  86.62043  115.04924   94.01408   65.65126   69.22514
  88.24368  107.66163  108.48902  112.88128 ]
Copying data...
Launching kernel...
Kernel execution time: 2.160 seconds
Copied back result.
b_next_host calculated:  [540.59827 859.66736 673.14813 691.0194  744.82947 674.5087  869.5967
 815.9423  953.09406 654.13025 800.7799  456.52185 830.9719  648.86035
 901.1461  696.32544]
b_next_device calculated:  [540.59827 859.66736 673.14813 691.0195  744.8295  674.5087  869.5967
 815.9423  953.0941  654.13025 800.7799  456.5219  830.9719  648.8602
 901.1462  696.32544]
SUCCESS
Completed configuration: out/out_A16_16_R16_16_PE2_2
Moving sim* files to out directory
----------------------------------------
