Running configuration: out/out_A64_64_R64_64_PE2_2
Fabric dimensions: 9x4
compile successful
Iteration 1, x: [  -73.53682     -23.238247    -25.847746    -10.274219     -5.0855403
   -10.762736    -11.790093     -7.055625     -7.7137194    -7.359471
   -11.516743    -18.52289      -7.9242787    -5.9166536    -9.611501
   -88.71752      -5.4886055  -760.06146     -12.709284     -5.865497
    -6.9985476    -4.646021   -619.8647      -16.552952     -6.6529546
    -5.36797     -17.931604    -38.521645    -26.040161    -21.535896
   -14.011025    -12.074021     -6.451919    -34.770298     -5.6022635
    -4.9455767 -2493.334       -11.355073     -6.1251764   -11.772084
   -12.787629    -34.22704     -19.785398    -83.70311      -7.717794
   -36.676964    -26.600067     -5.3247027    -6.6641383   -73.690865
    -6.5228763   -30.11845     -12.263918    -27.8383       -7.5575657
    -7.5880275    -9.306597    -37.404007     -4.603468     -5.4293785
   -11.548796    -50.495697     -7.4682336    -5.43683  ]
Iteration 2, x: [ 13081.204     1946.3466    4883.3105    1596.5908     500.75928
   2475.8267    2142.4363    1472.7937    1630.7004     556.3193
   1616.5269    3394.0576    1667.6183     632.64105   1047.3915
  19989.064      984.99445 121630.164     1144.0143    1016.2651
   1213.1614     806.7668  129721.836     1325.268      870.0786
    911.2692    2453.4167    5983.342     3430.6626    4741.729
   1471.1567    1389.8282     906.74243   5836.7197    1036.707
    909.28925 159779.48      1526.4216     818.7481    2917.0881
   1174.0696    4710.789     3270.648     9152.639     1494.3926
   5312.217     3737.1306     869.1537    1252.1704    9907.464
   1315.7091    4405.2915    2981.4585    3589.248     1687.5396
   1022.07776   1585.4083    4178.5884    1194.8435    1329.7688
   1957.1074    8495.219     1599.0364     694.4548 ]
Iteration 3, x: [ -1313128.2     -303714.      -422610.16    -145085.19     -75187.445
   -268786.9     -256960.55    -125970.84    -162753.31     -78183.69
   -190578.89    -370076.25    -157654.5      -75594.555   -138851.34
  -2212056.      -123039.91  -11001273.      -182908.14    -107067.49
   -127760.305   -100696.62  -11804001.      -151669.28    -110955.45
    -98294.11    -221565.95    -703632.56    -401558.25    -528434.
   -205558.2     -219248.44    -135338.11    -658414.7     -127822.02
    -82809.805 -29055372.      -200365.14    -104260.55    -322723.16
   -167229.27    -551144.3     -362509.     -1162088.8     -155211.97
   -708305.7     -437315.03    -114981.78    -129378.88   -1100361.4
   -143913.95    -490973.1     -303636.06    -520984.5     -196343.23
   -151328.69    -213137.2     -673800.06    -121942.84    -137583.72
   -238955.5    -1141270.      -167939.58     -85651.26 ]
Iteration 4, x: [1.7939083e+08 3.2061556e+07 6.4478792e+07 2.1365110e+07 7.7720115e+06
 3.4375280e+07 3.1437794e+07 1.9240808e+07 2.2135428e+07 8.9846820e+06
 2.4022298e+07 4.7422276e+07 2.2093782e+07 9.4651400e+06 1.5853255e+07
 2.7843450e+08 1.4469391e+07 1.6360447e+09 1.9062622e+07 1.4087826e+07
 1.7039856e+07 1.1826737e+07 1.7047130e+09 2.0091352e+07 1.3018199e+07
 1.2649639e+07 3.3103348e+07 8.4620648e+07 5.0155120e+07 6.6203804e+07
 2.3064538e+07 2.2918458e+07 1.4177385e+07 8.1834936e+07 1.5417073e+07
 1.1990931e+07 2.9323377e+09 2.3592978e+07 1.2469349e+07 4.0634300e+07
 1.9243558e+07 6.7748072e+07 4.5047996e+07 1.3924224e+08 2.0486324e+07
 8.2582480e+07 5.4284216e+07 1.3114376e+07 1.7233242e+07 1.4077363e+08
 1.8397366e+07 6.1507004e+07 4.0500136e+07 5.6564812e+07 2.4054480e+07
 1.6260266e+07 2.4100868e+07 6.9006752e+07 1.6415183e+07 1.8334512e+07
 2.8679092e+07 1.2933220e+08 2.2144666e+07 1.0155034e+07]
Iteration 5, x: [-2.0675414e+10 -4.2474084e+09 -7.0157834e+09 -2.3666990e+09
 -1.0515140e+09 -4.1091356e+09 -3.8375099e+09 -2.0941994e+09
 -2.5587151e+09 -1.1332836e+09 -2.8767532e+09 -5.6635028e+09
 -2.5193423e+09 -1.1386852e+09 -2.0173978e+09 -3.3605286e+10
 -1.8113268e+09 -1.8007341e+11 -2.5464671e+09 -1.6568046e+09
 -1.9860367e+09 -1.4810186e+09 -1.9134954e+11 -2.3349169e+09
 -1.6280648e+09 -1.5075908e+09 -3.6344980e+09 -1.0497589e+10
 -6.0556129e+09 -8.0103224e+09 -2.9567091e+09 -3.0608067e+09
 -1.8980690e+09 -9.9598111e+09 -1.8957179e+09 -1.3419430e+09
 -3.9685643e+11 -2.9334042e+09 -1.5385425e+09 -4.9011210e+09
 -2.4156897e+09 -8.2760407e+09 -5.4907402e+09 -1.7164117e+10
 -2.4098883e+09 -1.0326404e+10 -6.5785544e+09 -1.6678520e+09
 -2.0136421e+09 -1.6822327e+10 -2.1977068e+09 -7.4517734e+09
 -4.7330775e+09 -7.3932073e+09 -2.9432717e+09 -2.1390157e+09
 -3.0807624e+09 -9.3367132e+09 -1.9055384e+09 -2.1397860e+09
 -3.5444836e+09 -1.6489925e+10 -2.6001459e+09 -1.2649818e+09]
residual:
 [6.0029082e+11 3.5375409e+11 4.6586252e+11 4.6178124e+11 3.6246579e+11
 7.3064946e+11 7.0981229e+11 5.7319870e+11 5.9008890e+11 2.5500408e+11
 4.8199585e+11 6.3428323e+11 6.4764130e+11 3.2203742e+11 4.3184082e+11
 8.0178931e+11 5.0581432e+11 4.6019255e+11 3.8530888e+11 5.3598572e+11
 4.8888421e+11 5.1775010e+11 6.6184328e+11 3.0748325e+11 4.7533123e+11
 5.4983839e+11 4.2267024e+11 4.2710427e+11 5.1925290e+11 7.1153641e+11
 3.5750950e+11 4.9681655e+11 4.6079672e+11 5.6757971e+11 5.7082675e+11
 5.1398033e+11 2.8670106e+11 4.6800572e+11 4.3015917e+11 7.9137551e+11
 3.8478882e+11 5.3852884e+11 5.5200750e+11 4.4569487e+11 6.4616504e+11
 5.0261570e+11 4.8730001e+11 5.9283250e+11 6.4062475e+11 4.5524910e+11
 7.9957878e+11 5.1959136e+11 7.1523284e+11 5.2393103e+11 8.0713757e+11
 5.5254339e+11 6.2882284e+11 4.9618374e+11 7.1932445e+11 7.3029989e+11
 5.7805675e+11 6.4129204e+11 7.6240414e+11 4.3092004e+11]
Copying data...
Launching kernel...
Kernel execution time: 5.112 seconds
Copied back result.
b_next_host calculated:  [1.8046685e+13 1.6851874e+13 1.7991803e+13 1.5819263e+13 1.7285531e+13
 1.7092392e+13 1.4950093e+13 1.5149562e+13 1.6367468e+13 1.6329929e+13
 1.6582426e+13 1.8438846e+13 1.7579666e+13 1.7625552e+13 1.6947476e+13
 1.7135855e+13 1.5488650e+13 1.7960633e+13 1.4663098e+13 1.6258967e+13
 1.6623444e+13 1.8827585e+13 1.6933402e+13 1.8368197e+13 1.7345598e+13
 1.6100289e+13 1.7024446e+13 1.8846174e+13 1.7131417e+13 1.8435933e+13
 1.6147175e+13 1.8165556e+13 1.7243950e+13 1.8431001e+13 1.7159263e+13
 1.7852132e+13 1.6504349e+13 1.5866480e+13 1.7708228e+13 1.5624926e+13
 1.7508166e+13 1.7511322e+13 1.8162714e+13 1.6372152e+13 1.7005022e+13
 1.8360247e+13 1.8576289e+13 1.7826696e+13 1.8928407e+13 1.7481402e+13
 1.6832384e+13 1.7680508e+13 1.5402485e+13 1.6961612e+13 1.6713708e+13
 1.6950336e+13 1.7617771e+13 1.7078074e+13 1.6336818e+13 1.6169596e+13
 1.8130762e+13 1.7364350e+13 1.7842372e+13 1.6997908e+13]
b_next_device calculated:  [1.8046689e+13 1.6851877e+13 1.7991807e+13 1.5819266e+13 1.7285534e+13
 1.7092395e+13 1.4950097e+13 1.5149567e+13 1.6367471e+13 1.6329931e+13
 1.6582430e+13 1.8438850e+13 1.7579668e+13 1.7625554e+13 1.6947480e+13
 1.7135858e+13 1.5488652e+13 1.7960637e+13 1.4663101e+13 1.6258971e+13
 1.6623447e+13 1.8827591e+13 1.6933408e+13 1.8368199e+13 1.7345600e+13
 1.6100291e+13 1.7024448e+13 1.8846180e+13 1.7131420e+13 1.8435935e+13
 1.6147179e+13 1.8165558e+13 1.7243954e+13 1.8431005e+13 1.7159265e+13
 1.7852136e+13 1.6504353e+13 1.5866482e+13 1.7708232e+13 1.5624930e+13
 1.7508170e+13 1.7511326e+13 1.8162718e+13 1.6372155e+13 1.7005030e+13
 1.8360249e+13 1.8576293e+13 1.7826698e+13 1.8928412e+13 1.7481406e+13
 1.6832386e+13 1.7680512e+13 1.5402488e+13 1.6961615e+13 1.6713712e+13
 1.6950339e+13 1.7617778e+13 1.7078078e+13 1.6336820e+13 1.6169600e+13
 1.8130766e+13 1.7364351e+13 1.7842376e+13 1.6997912e+13]
SUCCESS
Completed configuration: out/out_A64_64_R64_64_PE2_2
Moving sim* files to out directory
----------------------------------------
Running configuration: out/out_A64_64_R64_64_PE4_4
Fabric dimensions: 11x6
compile successful
Iteration 1, x: [  -73.53682     -23.238247    -25.847746    -10.274219     -5.0855403
   -10.762736    -11.790093     -7.055625     -7.7137194    -7.359471
   -11.516743    -18.52289      -7.9242787    -5.9166536    -9.611501
   -88.71752      -5.4886055  -760.06146     -12.709284     -5.865497
    -6.9985476    -4.646021   -619.8647      -16.552952     -6.6529546
    -5.36797     -17.931604    -38.521645    -26.040161    -21.535896
   -14.011025    -12.074021     -6.451919    -34.770298     -5.6022635
    -4.9455767 -2493.334       -11.355073     -6.1251764   -11.772084
   -12.787629    -34.22704     -19.785398    -83.70311      -7.717794
   -36.676964    -26.600067     -5.3247027    -6.6641383   -73.690865
    -6.5228763   -30.11845     -12.263918    -27.8383       -7.5575657
    -7.5880275    -9.306597    -37.404007     -4.603468     -5.4293785
   -11.548796    -50.495697     -7.4682336    -5.43683  ]
Iteration 2, x: [ 13081.204     1946.3466    4883.3105    1596.5908     500.75928
   2475.8267    2142.4363    1472.7937    1630.7004     556.3193
   1616.5269    3394.0576    1667.6183     632.64105   1047.3915
  19989.064      984.99445 121630.164     1144.0143    1016.2651
   1213.1614     806.7668  129721.836     1325.268      870.0786
    911.2692    2453.4167    5983.342     3430.6626    4741.729
   1471.1567    1389.8282     906.74243   5836.7197    1036.707
    909.28925 159779.48      1526.4216     818.7481    2917.0881
   1174.0696    4710.789     3270.648     9152.639     1494.3926
   5312.217     3737.1306     869.1537    1252.1704    9907.464
   1315.7091    4405.2915    2981.4585    3589.248     1687.5396
   1022.07776   1585.4083    4178.5884    1194.8435    1329.7688
   1957.1074    8495.219     1599.0364     694.4548 ]
Iteration 3, x: [ -1313128.2     -303714.      -422610.16    -145085.19     -75187.445
   -268786.9     -256960.55    -125970.84    -162753.31     -78183.69
   -190578.89    -370076.25    -157654.5      -75594.555   -138851.34
  -2212056.      -123039.91  -11001273.      -182908.14    -107067.49
   -127760.305   -100696.62  -11804001.      -151669.28    -110955.45
    -98294.11    -221565.95    -703632.56    -401558.25    -528434.
   -205558.2     -219248.44    -135338.11    -658414.7     -127822.02
    -82809.805 -29055372.      -200365.14    -104260.55    -322723.16
   -167229.27    -551144.3     -362509.     -1162088.8     -155211.97
   -708305.7     -437315.03    -114981.78    -129378.88   -1100361.4
   -143913.95    -490973.1     -303636.06    -520984.5     -196343.23
   -151328.69    -213137.2     -673800.06    -121942.84    -137583.72
   -238955.5    -1141270.      -167939.58     -85651.26 ]
Iteration 4, x: [1.7939083e+08 3.2061556e+07 6.4478792e+07 2.1365110e+07 7.7720115e+06
 3.4375280e+07 3.1437794e+07 1.9240808e+07 2.2135428e+07 8.9846820e+06
 2.4022298e+07 4.7422276e+07 2.2093782e+07 9.4651400e+06 1.5853255e+07
 2.7843450e+08 1.4469391e+07 1.6360447e+09 1.9062622e+07 1.4087826e+07
 1.7039856e+07 1.1826737e+07 1.7047130e+09 2.0091352e+07 1.3018199e+07
 1.2649639e+07 3.3103348e+07 8.4620648e+07 5.0155120e+07 6.6203804e+07
 2.3064538e+07 2.2918458e+07 1.4177385e+07 8.1834936e+07 1.5417073e+07
 1.1990931e+07 2.9323377e+09 2.3592978e+07 1.2469349e+07 4.0634300e+07
 1.9243558e+07 6.7748072e+07 4.5047996e+07 1.3924224e+08 2.0486324e+07
 8.2582480e+07 5.4284216e+07 1.3114376e+07 1.7233242e+07 1.4077363e+08
 1.8397366e+07 6.1507004e+07 4.0500136e+07 5.6564812e+07 2.4054480e+07
 1.6260266e+07 2.4100868e+07 6.9006752e+07 1.6415183e+07 1.8334512e+07
 2.8679092e+07 1.2933220e+08 2.2144666e+07 1.0155034e+07]
Iteration 5, x: [-2.0675414e+10 -4.2474084e+09 -7.0157834e+09 -2.3666990e+09
 -1.0515140e+09 -4.1091356e+09 -3.8375099e+09 -2.0941994e+09
 -2.5587151e+09 -1.1332836e+09 -2.8767532e+09 -5.6635028e+09
 -2.5193423e+09 -1.1386852e+09 -2.0173978e+09 -3.3605286e+10
 -1.8113268e+09 -1.8007341e+11 -2.5464671e+09 -1.6568046e+09
 -1.9860367e+09 -1.4810186e+09 -1.9134954e+11 -2.3349169e+09
 -1.6280648e+09 -1.5075908e+09 -3.6344980e+09 -1.0497589e+10
 -6.0556129e+09 -8.0103224e+09 -2.9567091e+09 -3.0608067e+09
 -1.8980690e+09 -9.9598111e+09 -1.8957179e+09 -1.3419430e+09
 -3.9685643e+11 -2.9334042e+09 -1.5385425e+09 -4.9011210e+09
 -2.4156897e+09 -8.2760407e+09 -5.4907402e+09 -1.7164117e+10
 -2.4098883e+09 -1.0326404e+10 -6.5785544e+09 -1.6678520e+09
 -2.0136421e+09 -1.6822327e+10 -2.1977068e+09 -7.4517734e+09
 -4.7330775e+09 -7.3932073e+09 -2.9432717e+09 -2.1390157e+09
 -3.0807624e+09 -9.3367132e+09 -1.9055384e+09 -2.1397860e+09
 -3.5444836e+09 -1.6489925e+10 -2.6001459e+09 -1.2649818e+09]
residual:
 [6.0029082e+11 3.5375409e+11 4.6586252e+11 4.6178124e+11 3.6246579e+11
 7.3064946e+11 7.0981229e+11 5.7319870e+11 5.9008890e+11 2.5500408e+11
 4.8199585e+11 6.3428323e+11 6.4764130e+11 3.2203742e+11 4.3184082e+11
 8.0178931e+11 5.0581432e+11 4.6019255e+11 3.8530888e+11 5.3598572e+11
 4.8888421e+11 5.1775010e+11 6.6184328e+11 3.0748325e+11 4.7533123e+11
 5.4983839e+11 4.2267024e+11 4.2710427e+11 5.1925290e+11 7.1153641e+11
 3.5750950e+11 4.9681655e+11 4.6079672e+11 5.6757971e+11 5.7082675e+11
 5.1398033e+11 2.8670106e+11 4.6800572e+11 4.3015917e+11 7.9137551e+11
 3.8478882e+11 5.3852884e+11 5.5200750e+11 4.4569487e+11 6.4616504e+11
 5.0261570e+11 4.8730001e+11 5.9283250e+11 6.4062475e+11 4.5524910e+11
 7.9957878e+11 5.1959136e+11 7.1523284e+11 5.2393103e+11 8.0713757e+11
 5.5254339e+11 6.2882284e+11 4.9618374e+11 7.1932445e+11 7.3029989e+11
 5.7805675e+11 6.4129204e+11 7.6240414e+11 4.3092004e+11]
Copying data...
Launching kernel...
Kernel execution time: 4.627 seconds
Copied back result.
b_next_host calculated:  [1.8046685e+13 1.6851874e+13 1.7991803e+13 1.5819263e+13 1.7285531e+13
 1.7092392e+13 1.4950093e+13 1.5149562e+13 1.6367468e+13 1.6329929e+13
 1.6582426e+13 1.8438846e+13 1.7579666e+13 1.7625552e+13 1.6947476e+13
 1.7135855e+13 1.5488650e+13 1.7960633e+13 1.4663098e+13 1.6258967e+13
 1.6623444e+13 1.8827585e+13 1.6933402e+13 1.8368197e+13 1.7345598e+13
 1.6100289e+13 1.7024446e+13 1.8846174e+13 1.7131417e+13 1.8435933e+13
 1.6147175e+13 1.8165556e+13 1.7243950e+13 1.8431001e+13 1.7159263e+13
 1.7852132e+13 1.6504349e+13 1.5866480e+13 1.7708228e+13 1.5624926e+13
 1.7508166e+13 1.7511322e+13 1.8162714e+13 1.6372152e+13 1.7005022e+13
 1.8360247e+13 1.8576289e+13 1.7826696e+13 1.8928407e+13 1.7481402e+13
 1.6832384e+13 1.7680508e+13 1.5402485e+13 1.6961612e+13 1.6713708e+13
 1.6950336e+13 1.7617771e+13 1.7078074e+13 1.6336818e+13 1.6169596e+13
 1.8130762e+13 1.7364350e+13 1.7842372e+13 1.6997908e+13]
b_next_device calculated:  [1.8046689e+13 1.6851878e+13 1.7991809e+13 1.5819266e+13 1.7285537e+13
 1.7092397e+13 1.4950099e+13 1.5149566e+13 1.6367473e+13 1.6329932e+13
 1.6582430e+13 1.8438852e+13 1.7579670e+13 1.7625556e+13 1.6947482e+13
 1.7135859e+13 1.5488655e+13 1.7960639e+13 1.4663103e+13 1.6258971e+13
 1.6623449e+13 1.8827591e+13 1.6933407e+13 1.8368204e+13 1.7345603e+13
 1.6100292e+13 1.7024450e+13 1.8846180e+13 1.7131421e+13 1.8435937e+13
 1.6147181e+13 1.8165560e+13 1.7243955e+13 1.8431007e+13 1.7159267e+13
 1.7852136e+13 1.6504355e+13 1.5866484e+13 1.7708232e+13 1.5624932e+13
 1.7508171e+13 1.7511327e+13 1.8162720e+13 1.6372157e+13 1.7005029e+13
 1.8360251e+13 1.8576293e+13 1.7826702e+13 1.8928414e+13 1.7481406e+13
 1.6832388e+13 1.7680512e+13 1.5402489e+13 1.6961616e+13 1.6713714e+13
 1.6950339e+13 1.7617778e+13 1.7078082e+13 1.6336821e+13 1.6169602e+13
 1.8130766e+13 1.7364356e+13 1.7842378e+13 1.6997914e+13]
SUCCESS
Completed configuration: out/out_A64_64_R64_64_PE4_4
Moving sim* files to out directory
----------------------------------------
Running configuration: out/out_A64_64_R64_64_PE32_32
Fabric dimensions: 39x34
compile successful
Iteration 1, x: [  -73.53682     -23.238247    -25.847746    -10.274219     -5.0855403
   -10.762736    -11.790093     -7.055625     -7.7137194    -7.359471
   -11.516743    -18.52289      -7.9242787    -5.9166536    -9.611501
   -88.71752      -5.4886055  -760.06146     -12.709284     -5.865497
    -6.9985476    -4.646021   -619.8647      -16.552952     -6.6529546
    -5.36797     -17.931604    -38.521645    -26.040161    -21.535896
   -14.011025    -12.074021     -6.451919    -34.770298     -5.6022635
    -4.9455767 -2493.334       -11.355073     -6.1251764   -11.772084
   -12.787629    -34.22704     -19.785398    -83.70311      -7.717794
   -36.676964    -26.600067     -5.3247027    -6.6641383   -73.690865
    -6.5228763   -30.11845     -12.263918    -27.8383       -7.5575657
    -7.5880275    -9.306597    -37.404007     -4.603468     -5.4293785
   -11.548796    -50.495697     -7.4682336    -5.43683  ]
Iteration 2, x: [ 13081.204     1946.3466    4883.3105    1596.5908     500.75928
   2475.8267    2142.4363    1472.7937    1630.7004     556.3193
   1616.5269    3394.0576    1667.6183     632.64105   1047.3915
  19989.064      984.99445 121630.164     1144.0143    1016.2651
   1213.1614     806.7668  129721.836     1325.268      870.0786
    911.2692    2453.4167    5983.342     3430.6626    4741.729
   1471.1567    1389.8282     906.74243   5836.7197    1036.707
    909.28925 159779.48      1526.4216     818.7481    2917.0881
   1174.0696    4710.789     3270.648     9152.639     1494.3926
   5312.217     3737.1306     869.1537    1252.1704    9907.464
   1315.7091    4405.2915    2981.4585    3589.248     1687.5396
   1022.07776   1585.4083    4178.5884    1194.8435    1329.7688
   1957.1074    8495.219     1599.0364     694.4548 ]
Iteration 3, x: [ -1313128.2     -303714.      -422610.16    -145085.19     -75187.445
   -268786.9     -256960.55    -125970.84    -162753.31     -78183.69
   -190578.89    -370076.25    -157654.5      -75594.555   -138851.34
  -2212056.      -123039.91  -11001273.      -182908.14    -107067.49
   -127760.305   -100696.62  -11804001.      -151669.28    -110955.45
    -98294.11    -221565.95    -703632.56    -401558.25    -528434.
   -205558.2     -219248.44    -135338.11    -658414.7     -127822.02
    -82809.805 -29055372.      -200365.14    -104260.55    -322723.16
   -167229.27    -551144.3     -362509.     -1162088.8     -155211.97
   -708305.7     -437315.03    -114981.78    -129378.88   -1100361.4
   -143913.95    -490973.1     -303636.06    -520984.5     -196343.23
   -151328.69    -213137.2     -673800.06    -121942.84    -137583.72
   -238955.5    -1141270.      -167939.58     -85651.26 ]
Iteration 4, x: [1.7939083e+08 3.2061556e+07 6.4478792e+07 2.1365110e+07 7.7720115e+06
 3.4375280e+07 3.1437794e+07 1.9240808e+07 2.2135428e+07 8.9846820e+06
 2.4022298e+07 4.7422276e+07 2.2093782e+07 9.4651400e+06 1.5853255e+07
 2.7843450e+08 1.4469391e+07 1.6360447e+09 1.9062622e+07 1.4087826e+07
 1.7039856e+07 1.1826737e+07 1.7047130e+09 2.0091352e+07 1.3018199e+07
 1.2649639e+07 3.3103348e+07 8.4620648e+07 5.0155120e+07 6.6203804e+07
 2.3064538e+07 2.2918458e+07 1.4177385e+07 8.1834936e+07 1.5417073e+07
 1.1990931e+07 2.9323377e+09 2.3592978e+07 1.2469349e+07 4.0634300e+07
 1.9243558e+07 6.7748072e+07 4.5047996e+07 1.3924224e+08 2.0486324e+07
 8.2582480e+07 5.4284216e+07 1.3114376e+07 1.7233242e+07 1.4077363e+08
 1.8397366e+07 6.1507004e+07 4.0500136e+07 5.6564812e+07 2.4054480e+07
 1.6260266e+07 2.4100868e+07 6.9006752e+07 1.6415183e+07 1.8334512e+07
 2.8679092e+07 1.2933220e+08 2.2144666e+07 1.0155034e+07]
Iteration 5, x: [-2.0675414e+10 -4.2474084e+09 -7.0157834e+09 -2.3666990e+09
 -1.0515140e+09 -4.1091356e+09 -3.8375099e+09 -2.0941994e+09
 -2.5587151e+09 -1.1332836e+09 -2.8767532e+09 -5.6635028e+09
 -2.5193423e+09 -1.1386852e+09 -2.0173978e+09 -3.3605286e+10
 -1.8113268e+09 -1.8007341e+11 -2.5464671e+09 -1.6568046e+09
 -1.9860367e+09 -1.4810186e+09 -1.9134954e+11 -2.3349169e+09
 -1.6280648e+09 -1.5075908e+09 -3.6344980e+09 -1.0497589e+10
 -6.0556129e+09 -8.0103224e+09 -2.9567091e+09 -3.0608067e+09
 -1.8980690e+09 -9.9598111e+09 -1.8957179e+09 -1.3419430e+09
 -3.9685643e+11 -2.9334042e+09 -1.5385425e+09 -4.9011210e+09
 -2.4156897e+09 -8.2760407e+09 -5.4907402e+09 -1.7164117e+10
 -2.4098883e+09 -1.0326404e+10 -6.5785544e+09 -1.6678520e+09
 -2.0136421e+09 -1.6822327e+10 -2.1977068e+09 -7.4517734e+09
 -4.7330775e+09 -7.3932073e+09 -2.9432717e+09 -2.1390157e+09
 -3.0807624e+09 -9.3367132e+09 -1.9055384e+09 -2.1397860e+09
 -3.5444836e+09 -1.6489925e+10 -2.6001459e+09 -1.2649818e+09]
residual:
 [6.0029082e+11 3.5375409e+11 4.6586252e+11 4.6178124e+11 3.6246579e+11
 7.3064946e+11 7.0981229e+11 5.7319870e+11 5.9008890e+11 2.5500408e+11
 4.8199585e+11 6.3428323e+11 6.4764130e+11 3.2203742e+11 4.3184082e+11
 8.0178931e+11 5.0581432e+11 4.6019255e+11 3.8530888e+11 5.3598572e+11
 4.8888421e+11 5.1775010e+11 6.6184328e+11 3.0748325e+11 4.7533123e+11
 5.4983839e+11 4.2267024e+11 4.2710427e+11 5.1925290e+11 7.1153641e+11
 3.5750950e+11 4.9681655e+11 4.6079672e+11 5.6757971e+11 5.7082675e+11
 5.1398033e+11 2.8670106e+11 4.6800572e+11 4.3015917e+11 7.9137551e+11
 3.8478882e+11 5.3852884e+11 5.5200750e+11 4.4569487e+11 6.4616504e+11
 5.0261570e+11 4.8730001e+11 5.9283250e+11 6.4062475e+11 4.5524910e+11
 7.9957878e+11 5.1959136e+11 7.1523284e+11 5.2393103e+11 8.0713757e+11
 5.5254339e+11 6.2882284e+11 4.9618374e+11 7.1932445e+11 7.3029989e+11
 5.7805675e+11 6.4129204e+11 7.6240414e+11 4.3092004e+11]
Copying data...
Launching kernel...
Kernel execution time: 81.343 seconds
Copied back result.
b_next_host calculated:  [1.8046685e+13 1.6851874e+13 1.7991803e+13 1.5819263e+13 1.7285531e+13
 1.7092392e+13 1.4950093e+13 1.5149562e+13 1.6367468e+13 1.6329929e+13
 1.6582426e+13 1.8438846e+13 1.7579666e+13 1.7625552e+13 1.6947476e+13
 1.7135855e+13 1.5488650e+13 1.7960633e+13 1.4663098e+13 1.6258967e+13
 1.6623444e+13 1.8827585e+13 1.6933402e+13 1.8368197e+13 1.7345598e+13
 1.6100289e+13 1.7024446e+13 1.8846174e+13 1.7131417e+13 1.8435933e+13
 1.6147175e+13 1.8165556e+13 1.7243950e+13 1.8431001e+13 1.7159263e+13
 1.7852132e+13 1.6504349e+13 1.5866480e+13 1.7708228e+13 1.5624926e+13
 1.7508166e+13 1.7511322e+13 1.8162714e+13 1.6372152e+13 1.7005022e+13
 1.8360247e+13 1.8576289e+13 1.7826696e+13 1.8928407e+13 1.7481402e+13
 1.6832384e+13 1.7680508e+13 1.5402485e+13 1.6961612e+13 1.6713708e+13
 1.6950336e+13 1.7617771e+13 1.7078074e+13 1.6336818e+13 1.6169596e+13
 1.8130762e+13 1.7364350e+13 1.7842372e+13 1.6997908e+13]
b_next_device calculated:  [1.8046687e+13 1.6851878e+13 1.7991807e+13 1.5819267e+13 1.7285535e+13
 1.7092396e+13 1.4950096e+13 1.5149564e+13 1.6367473e+13 1.6329933e+13
 1.6582428e+13 1.8438848e+13 1.7579669e+13 1.7625556e+13 1.6947480e+13
 1.7135859e+13 1.5488653e+13 1.7960635e+13 1.4663101e+13 1.6258971e+13
 1.6623451e+13 1.8827589e+13 1.6933406e+13 1.8368201e+13 1.7345601e+13
 1.6100293e+13 1.7024448e+13 1.8846178e+13 1.7131419e+13 1.8435937e+13
 1.6147180e+13 1.8165562e+13 1.7243954e+13 1.8431005e+13 1.7159266e+13
 1.7852136e+13 1.6504353e+13 1.5866483e+13 1.7708232e+13 1.5624930e+13
 1.7508169e+13 1.7511327e+13 1.8162718e+13 1.6372156e+13 1.7005029e+13
 1.8360251e+13 1.8576293e+13 1.7826698e+13 1.8928412e+13 1.7481406e+13
 1.6832387e+13 1.7680512e+13 1.5402487e+13 1.6961615e+13 1.6713711e+13
 1.6950340e+13 1.7617778e+13 1.7078078e+13 1.6336821e+13 1.6169598e+13
 1.8130764e+13 1.7364354e+13 1.7842378e+13 1.6997911e+13]
SUCCESS
Completed configuration: out/out_A64_64_R64_64_PE32_32
Moving sim* files to out directory
----------------------------------------
Running configuration: out/out_A128_128_R128_128_PE4_4
Fabric dimensions: 11x6
compile successful
Iteration 1, x: [ -148.60641     -39.377945    -17.006931    -32.53484     -10.20936
   -40.61486     -80.065956    -13.215059    -11.075447   -495.76794
   -90.844894    -13.611174    -73.68146     -35.06051     -15.8109255
   -14.7212715   -88.17189     -28.216423   -272.92368     -14.045038
   -48.915417    -12.932753    -85.9302      -13.705413    -17.301033
   -13.0999975   -18.808071    -28.65826     -18.434256    -26.441935
   -32.86287     -34.024185    -11.345986    -26.851944    -23.033686
   -33.613964    -18.769474    -19.57781     -20.878735    -12.927853
   -54.36782     -27.419296    -79.209335    -36.82016     -36.420242
   -44.080868    -16.437126   -387.11337     -36.205864   -754.2999
   -30.680803    -18.56891     -14.327353   -499.97418     -10.868052
  -748.797       -14.860733    -14.975677    -47.56939     -15.71664
   -12.841034    -36.024246   -297.1111      -13.840785    -14.549196
   -17.010096    -26.417547    -12.03239     -65.61477     -10.68134
   -34.712017    -11.62875     -19.789782    -42.8089      -22.155945
   -36.474976    -88.00926     -18.202147    -19.619007   -454.33063
   -14.953679    -46.98256     -29.324955    -33.53328     -21.73777
   -20.755806    -19.23388     -21.167114    -64.26208     -52.682472
   -12.574314    -13.724861    -12.485731   -130.13391     -13.519766
   -12.177264    -70.74682    -177.24864     -14.057488    -41.446697
   -13.972504    -28.541481    -19.211954    -38.2226      -55.168163
   -12.70179   -1563.336       -91.994644    -12.348919    -18.647558
   -14.416462    -24.635212    -22.03683     -13.729666   -126.853905
   -16.191349   -255.96529     -30.71454     -27.584965    -51.713413
   -27.831131    -54.317707    -11.315348    -10.739571    -38.576126
   -15.212116   -266.5453      -16.16354  ]
Iteration 2, x: [ 23263.016    5373.8364   3149.7993   4847.778    1353.8063   6557.624
  10921.563    2001.6746   1807.2631  71854.484   12274.918    2285.9895
  11335.913    6017.1357   2064.7507   1868.2603  12188.395    3801.0735
  48231.49     1917.7369   7634.2085   1802.2262  14326.945    1732.8336
   2319.1145   2094.4548   2913.3918   3933.4067   2582.5764   3712.1924
   5943.6826   5557.339    2140.4927   4019.0017   3584.9536   5022.636
   3325.2634   3256.5742   2678.515    2019.7356   8720.608    5301.425
  13638.093    4973.233    4852.82     5414.2607   2713.9053  62616.254
   5067.66   119412.96     5316.9683   3331.124    2058.8687  68304.59
   1466.2496  90066.32     2615.074    2372.9849   7594.2207   2637.402
   1976.7266   6198.9663  32540.676    1824.7306   2458.6885   2504.564
   4422.634    2097.359    9138.774    1787.2291   5174.9004   1770.0409
   2880.5537   5686.3037   3559.2375   7140.914   11918.069    2626.3333
   3120.9978  58387.914    2051.525    6961.1646   4964.196    4666.2773
   2568.7964   3287.6697   3365.8118   3523.047    8474.826    8201.737
   1994.2151   2464.5645   2585.6602  20836.164    1820.8383   2039.6396
  12282.652   27237.182    2005.4983   5770.8423   2298.8223   4875.579
   2963.446    6235.1235   9061.141    2357.7202 199229.9     11474.295
   1587.3314   3084.527    2165.4941   3311.5164   3719.647    1964.6561
  18884.342    2613.631   38342.53     5724.9907   3811.7456   8708.111
   3608.9475   7323.0005   1884.2266   1593.0437   4755.1304   2285.1348
  39245.04     3059.6462]
Iteration 3, x: [ -3402884.     -763235.8    -441476.62   -697484.44   -197970.2
   -935494.75  -1598031.4    -289402.25   -259208.55 -10386895.
  -1759389.     -331353.56  -1655059.6    -861079.75   -298296.56
   -273897.94  -1776989.     -539796.9   -6806082.     -272440.03
  -1084977.     -260523.47  -2033201.     -248999.33   -343666.
   -304077.34   -417838.16   -570772.94   -368493.06   -536179.5
   -858546.75   -798965.5    -305623.3    -575927.8    -500437.97
   -719160.75   -466729.88   -460583.8    -389527.06   -286796.56
  -1248830.4    -738500.    -1962773.8    -719494.44   -705186.
   -796056.7    -385402.16  -8688714.     -749377.9  -16739801.
   -754921.75   -482690.34   -294920.5   -9920509.     -210814.03
 -13155867.     -373205.53   -340127.75  -1075370.9    -381851.66
   -283345.94   -872990.6   -4792278.5    -270525.16   -348595.8
   -362338.53   -633658.44   -301293.8   -1326864.2    -250497.36
   -729673.1    -252601.16   -424848.78   -838473.06   -500110.03
  -1030175.2   -1741623.4    -382322.47   -444997.97  -8514281.
   -291505.44  -1004342.9    -696254.94   -671086.     -369876.66
   -482033.94   -480263.3    -516916.78  -1220613.4   -1179514.9
   -284524.7    -349973.1    -367341.9   -2963881.2    -266333.4
   -293160.7   -1722800.6   -4000470.5    -286705.53   -828192.25
   -334375.78   -681562.3    -417680.56   -885230.75  -1297978.6
   -336514.7  -29297848.    -1629195.9    -229401.77   -432064.8
   -312125.72   -479347.7    -535208.06   -281505.06  -2732145.2
   -378594.66  -5534551.5    -825280.1    -535579.44  -1227416.9
   -524448.56  -1070371.2    -266980.84   -229627.55   -689565.75
   -337414.3   -5577048.5    -432776.12]
Iteration 4, x: [4.88623904e+08 1.10407840e+08 6.37324520e+07 1.00486048e+08
 2.84611480e+07 1.34789280e+08 2.29562176e+08 4.15959840e+07
 3.73036720e+07 1.49317210e+09 2.53971952e+08 4.76421080e+07
 2.37575904e+08 1.24011104e+08 4.28678560e+07 3.92945560e+07
 2.55391952e+08 7.80181600e+07 9.81537984e+08 3.92630280e+07
 1.56803664e+08 3.74890920e+07 2.93524960e+08 3.58870800e+07
 4.92749840e+07 4.37017760e+07 6.01532000e+07 8.21426880e+07
 5.31514200e+07 7.72304320e+07 1.23424928e+08 1.14908536e+08
 4.40572560e+07 8.28714080e+07 7.24037760e+07 1.03774480e+08
 6.75850160e+07 6.64490600e+07 5.60456040e+07 4.13196800e+07
 1.80103792e+08 1.06711464e+08 2.82195200e+08 1.03661392e+08
 1.01548256e+08 1.14528544e+08 5.56460960e+07 1.25909005e+09
 1.07220080e+08 2.42407501e+09 1.08841888e+08 6.94929280e+07
 4.25666000e+07 1.42992448e+09 3.03649400e+07 1.89035942e+09
 5.36995360e+07 4.90601440e+07 1.55179440e+08 5.48995040e+07
 4.08492080e+07 1.26082808e+08 6.87998784e+08 3.87277880e+07
 5.03603520e+07 5.20466760e+07 9.12955520e+07 4.33022160e+07
 1.90584336e+08 3.62251600e+07 1.05541616e+08 3.64804440e+07
 6.09243640e+07 1.20458408e+08 7.22942640e+07 1.48040752e+08
 2.50648928e+08 5.49563840e+07 6.42816880e+07 1.22509107e+09
 4.20397720e+07 1.44613440e+08 1.00604848e+08 9.67582960e+07
 5.32691080e+07 6.91918800e+07 6.92414560e+07 7.41534240e+07
 1.76036832e+08 1.69858592e+08 4.09738360e+07 5.04272200e+07
 5.29441280e+07 4.28473376e+08 3.83304240e+07 4.22763280e+07
 2.48957952e+08 5.72617536e+08 4.12507280e+07 1.19491960e+08
 4.81316240e+07 9.85271360e+07 6.03579680e+07 1.27654112e+08
 1.86938112e+08 4.84925320e+07 4.19702400e+09 2.35550752e+08
 3.30643360e+07 6.24814800e+07 4.48707120e+07 6.89343680e+07
 7.70905440e+07 4.06479480e+07 3.93490208e+08 5.44558800e+07
 7.96894784e+08 1.18716960e+08 7.75075120e+07 1.77487920e+08
 7.53818800e+07 1.53825344e+08 3.85181400e+07 3.30038760e+07
 9.92636320e+07 4.83725920e+07 8.03317248e+08 6.24333680e+07]
Iteration 5, x: [-7.0373966e+10 -1.5881947e+10 -9.1717100e+09 -1.4464254e+10
 -4.1001277e+09 -1.9410070e+10 -3.3075511e+10 -5.9917952e+09
 -5.3718712e+09 -2.1503204e+11 -3.6546265e+10 -6.8599578e+09
 -3.4227171e+10 -1.7854202e+10 -6.1749908e+09 -5.6624210e+09
 -3.6794139e+10 -1.1228952e+10 -1.4127674e+11 -5.6528015e+09
 -2.2558601e+10 -5.3975327e+09 -4.2248475e+10 -5.1672704e+09
 -7.1012977e+09 -6.2945198e+09 -8.6590648e+09 -1.1828411e+10
 -7.6509481e+09 -1.1116999e+10 -1.7775766e+10 -1.6548063e+10
 -6.3410324e+09 -1.1936306e+10 -1.0417730e+10 -1.4935300e+10
 -9.7198428e+09 -9.5643023e+09 -8.0713764e+09 -5.9493550e+09
 -2.5919437e+10 -1.5356660e+10 -4.0643944e+10 -1.4922395e+10
 -1.4620064e+10 -1.6490598e+10 -8.0056950e+09 -1.8102655e+11
 -1.5457734e+10 -3.4862845e+11 -1.5669175e+10 -1.0002758e+10
 -6.1250432e+09 -2.0581823e+11 -4.3727283e+09 -2.7221307e+11
 -7.7345101e+09 -7.0597888e+09 -2.2335117e+10 -7.9070746e+09
 -5.8804941e+09 -1.8137944e+10 -9.9107987e+10 -5.5821716e+09
 -7.2466437e+09 -7.4983055e+09 -1.3142810e+10 -6.2360556e+09
 -2.7456571e+10 -5.2109681e+09 -1.5183043e+10 -5.2485350e+09
 -8.7796992e+09 -1.7349421e+10 -1.0399711e+10 -2.1324894e+10
 -3.6092305e+10 -7.9166044e+09 -9.2489011e+09 -1.7638602e+11
 -6.0532828e+09 -2.0822129e+10 -1.4475561e+10 -1.3929609e+10
 -7.6678185e+09 -9.9672228e+09 -9.9666729e+09 -1.0686088e+10
 -2.5333174e+10 -2.4456532e+10 -5.9000515e+09 -7.2593940e+09
 -7.6216105e+09 -6.1641351e+10 -5.5184927e+09 -6.0844242e+09
 -3.5818050e+10 -8.2555863e+10 -5.9427635e+09 -1.7193316e+10
 -6.9295667e+09 -1.4175241e+10 -8.6854369e+09 -1.8380829e+10
 -2.6912838e+10 -6.9804590e+09 -6.0515110e+11 -3.3888373e+10
 -4.7590374e+09 -8.9876726e+09 -6.4624456e+09 -9.9300628e+09
 -1.1096949e+10 -5.8499456e+09 -5.6645878e+10 -7.8414479e+09
 -1.1473263e+11 -1.7097121e+10 -1.1147774e+10 -2.5534908e+10
 -1.0860250e+10 -2.2158119e+10 -5.5442227e+09 -4.7529359e+09
 -1.4292834e+10 -6.9712527e+09 -1.1565332e+11 -8.9862369e+09]
residual:
 [2.3357235e+12 1.8950261e+12 2.3868798e+12 2.2693906e+12 1.6642993e+12
 2.1415272e+12 1.9966725e+12 2.1218382e+12 1.9811977e+12 2.1934805e+12
 1.8184020e+12 2.4236437e+12 2.2192878e+12 2.1739146e+12 1.9072386e+12
 1.6297074e+12 1.8295730e+12 1.5725127e+12 2.3452372e+12 1.7658076e+12
 2.3442442e+12 2.0761931e+12 2.3173176e+12 1.7888232e+12 2.0705635e+12
 2.3027620e+12 2.1114098e+12 1.8608701e+12 1.9884131e+12 1.9129994e+12
 2.4100096e+12 2.2131148e+12 2.7503082e+12 2.1071620e+12 2.1177151e+12
 2.0475790e+12 1.9955826e+12 2.0916799e+12 1.8287669e+12 2.1913529e+12
 2.3613161e+12 2.4628817e+12 2.2151582e+12 2.0110942e+12 1.9955283e+12
 1.7254861e+12 2.3445189e+12 2.2957843e+12 1.9224653e+12 2.2493806e+12
 2.3656640e+12 2.4134211e+12 1.9610054e+12 1.8640612e+12 1.8743390e+12
 1.8750413e+12 2.5590012e+12 2.3405726e+12 2.1788151e+12 2.0106576e+12
 1.9803686e+12 2.3430714e+12 1.5083881e+12 1.9444525e+12 2.3410859e+12
 1.7943365e+12 2.4382155e+12 2.4743327e+12 2.1074585e+12 2.1447310e+12
 1.8071639e+12 2.2656938e+12 1.9105212e+12 1.8665026e+12 2.4500717e+12
 2.5179697e+12 2.0076127e+12 1.8868870e+12 2.3092910e+12 1.8518091e+12
 1.7557792e+12 2.2434381e+12 2.5849621e+12 1.7918232e+12 1.5098114e+12
 2.1189932e+12 2.3263649e+12 2.2970486e+12 1.9390391e+12 2.1866089e+12
 2.0877547e+12 2.4094919e+12 2.5851559e+12 2.3565797e+12 2.0531957e+12
 2.2906636e+12 2.4171984e+12 2.0640407e+12 1.9594462e+12 2.0555726e+12
 2.3202578e+12 2.4360355e+12 2.2094125e+12 2.2779032e+12 2.1658513e+12
 2.5612882e+12 1.7341122e+12 1.7982241e+12 1.8338206e+12 2.3188679e+12
 2.1773217e+12 1.8258020e+12 2.4167871e+12 1.8934669e+12 2.1737880e+12
 2.2535162e+12 2.0638958e+12 2.7763173e+12 1.7119539e+12 2.3529306e+12
 1.8013024e+12 1.8569398e+12 2.0270919e+12 1.9144425e+12 1.7180733e+12
 2.1353557e+12 2.2205849e+12 2.5671689e+12]
Copying data...
Launching kernel...
Kernel execution time: 11.258 seconds
Copied back result.
b_next_host calculated:  [1.44367004e+14 1.31029923e+14 1.29549518e+14 1.43340541e+14
 1.28611856e+14 1.34893699e+14 1.41476558e+14 1.33796821e+14
 1.45245375e+14 1.43678065e+14 1.33328829e+14 1.36346069e+14
 1.32838742e+14 1.40955206e+14 1.32989896e+14 1.33843495e+14
 1.36337949e+14 1.27263891e+14 1.28771743e+14 1.47512699e+14
 1.32761508e+14 1.30155259e+14 1.37661059e+14 1.35106291e+14
 1.33567158e+14 1.29659778e+14 1.46385370e+14 1.30369253e+14
 1.32855988e+14 1.38646695e+14 1.44068839e+14 1.38025888e+14
 1.40734108e+14 1.24119253e+14 1.42013949e+14 1.43384262e+14
 1.36559366e+14 1.32299471e+14 1.29446548e+14 1.31392285e+14
 1.31432811e+14 1.41864078e+14 1.19446287e+14 1.31435545e+14
 1.28113858e+14 1.25717401e+14 1.40317848e+14 1.37170182e+14
 1.28567539e+14 1.47371200e+14 1.38315982e+14 1.27234011e+14
 1.34214389e+14 1.36361303e+14 1.42714834e+14 1.30286591e+14
 1.25564208e+14 1.33795831e+14 1.38054551e+14 1.19073740e+14
 1.40163020e+14 1.45100571e+14 1.28867591e+14 1.38182562e+14
 1.41660655e+14 1.31678580e+14 1.32797075e+14 1.32689139e+14
 1.31007743e+14 1.38827285e+14 1.24571768e+14 1.36601552e+14
 1.51683196e+14 1.24910576e+14 1.30148163e+14 1.40708741e+14
 1.28160633e+14 1.40317538e+14 1.40747370e+14 1.21957853e+14
 1.46862112e+14 1.29737020e+14 1.47862218e+14 1.21762105e+14
 1.32268677e+14 1.30569187e+14 1.28980301e+14 1.31509189e+14
 1.34022349e+14 1.28781692e+14 1.40009240e+14 1.39946292e+14
 1.31234479e+14 1.37769263e+14 1.30950902e+14 1.30619065e+14
 1.39567059e+14 1.16044849e+14 1.21018077e+14 1.35090848e+14
 1.35053904e+14 1.39958011e+14 1.35378795e+14 1.38738819e+14
 1.37295424e+14 1.43899004e+14 1.38990494e+14 1.29484901e+14
 1.34061356e+14 1.31593469e+14 1.36430509e+14 1.42415814e+14
 1.37389872e+14 1.32133813e+14 1.40779062e+14 1.23563416e+14
 1.39345810e+14 1.27731371e+14 1.35566440e+14 1.41669362e+14
 1.53541725e+14 1.23567065e+14 1.41433961e+14 1.41272799e+14
 1.27940348e+14 1.42268376e+14 1.42121944e+14 1.37005824e+14]
b_next_device calculated:  [1.44367021e+14 1.31029940e+14 1.29549543e+14 1.43340557e+14
 1.28611890e+14 1.34893732e+14 1.41476592e+14 1.33796855e+14
 1.45245409e+14 1.43678081e+14 1.33328863e+14 1.36346094e+14
 1.32838767e+14 1.40955223e+14 1.32989921e+14 1.33843521e+14
 1.36337982e+14 1.27263924e+14 1.28771777e+14 1.47512732e+14
 1.32761533e+14 1.30155285e+14 1.37661092e+14 1.35106325e+14
 1.33567175e+14 1.29659795e+14 1.46385404e+14 1.30369278e+14
 1.32856014e+14 1.38646712e+14 1.44068873e+14 1.38025913e+14
 1.40734141e+14 1.24119287e+14 1.42014000e+14 1.43384279e+14
 1.36559400e+14 1.32299505e+14 1.29446573e+14 1.31392302e+14
 1.31432819e+14 1.41864112e+14 1.19446320e+14 1.31435571e+14
 1.28113892e+14 1.25717417e+14 1.40317890e+14 1.37170208e+14
 1.28567556e+14 1.47371233e+14 1.38316008e+14 1.27234044e+14
 1.34214406e+14 1.36361336e+14 1.42714868e+14 1.30286625e+14
 1.25564225e+14 1.33795865e+14 1.38054568e+14 1.19073757e+14
 1.40163053e+14 1.45100605e+14 1.28867625e+14 1.38182595e+14
 1.41660671e+14 1.31678589e+14 1.32797100e+14 1.32689156e+14
 1.31007768e+14 1.38827318e+14 1.24571802e+14 1.36601577e+14
 1.51683213e+14 1.24910601e+14 1.30148188e+14 1.40708757e+14
 1.28160666e+14 1.40317555e+14 1.40747387e+14 1.21957870e+14
 1.46862145e+14 1.29737037e+14 1.47862269e+14 1.21762138e+14
 1.32268694e+14 1.30569187e+14 1.28980326e+14 1.31509223e+14
 1.34022357e+14 1.28781709e+14 1.40009282e+14 1.39946317e+14
 1.31234513e+14 1.37769280e+14 1.30950919e+14 1.30619091e+14
 1.39567093e+14 1.16044874e+14 1.21018094e+14 1.35090873e+14
 1.35053921e+14 1.39958044e+14 1.35378820e+14 1.38738844e+14
 1.37295458e+14 1.43899037e+14 1.38990527e+14 1.29484942e+14
 1.34061398e+14 1.31593486e+14 1.36430542e+14 1.42415831e+14
 1.37389905e+14 1.32133830e+14 1.40779096e+14 1.23563432e+14
 1.39345835e+14 1.27731405e+14 1.35566457e+14 1.41669396e+14
 1.53541759e+14 1.23567082e+14 1.41433978e+14 1.41272816e+14
 1.27940382e+14 1.42268393e+14 1.42121978e+14 1.37005858e+14]
SUCCESS
Completed configuration: out/out_A128_128_R128_128_PE4_4
Moving sim* files to out directory
----------------------------------------
Running configuration: out/out_A64_64_R64_64_PE8_8
Fabric dimensions: 15x10
compile successful
Iteration 1, x: [  -73.53682     -23.238247    -25.847746    -10.274219     -5.0855403
   -10.762736    -11.790093     -7.055625     -7.7137194    -7.359471
   -11.516743    -18.52289      -7.9242787    -5.9166536    -9.611501
   -88.71752      -5.4886055  -760.06146     -12.709284     -5.865497
    -6.9985476    -4.646021   -619.8647      -16.552952     -6.6529546
    -5.36797     -17.931604    -38.521645    -26.040161    -21.535896
   -14.011025    -12.074021     -6.451919    -34.770298     -5.6022635
    -4.9455767 -2493.334       -11.355073     -6.1251764   -11.772084
   -12.787629    -34.22704     -19.785398    -83.70311      -7.717794
   -36.676964    -26.600067     -5.3247027    -6.6641383   -73.690865
    -6.5228763   -30.11845     -12.263918    -27.8383       -7.5575657
    -7.5880275    -9.306597    -37.404007     -4.603468     -5.4293785
   -11.548796    -50.495697     -7.4682336    -5.43683  ]
Iteration 2, x: [ 13081.204     1946.3466    4883.3105    1596.5908     500.75928
   2475.8267    2142.4363    1472.7937    1630.7004     556.3193
   1616.5269    3394.0576    1667.6183     632.64105   1047.3915
  19989.064      984.99445 121630.164     1144.0143    1016.2651
   1213.1614     806.7668  129721.836     1325.268      870.0786
    911.2692    2453.4167    5983.342     3430.6626    4741.729
   1471.1567    1389.8282     906.74243   5836.7197    1036.707
    909.28925 159779.48      1526.4216     818.7481    2917.0881
   1174.0696    4710.789     3270.648     9152.639     1494.3926
   5312.217     3737.1306     869.1537    1252.1704    9907.464
   1315.7091    4405.2915    2981.4585    3589.248     1687.5396
   1022.07776   1585.4083    4178.5884    1194.8435    1329.7688
   1957.1074    8495.219     1599.0364     694.4548 ]
Iteration 3, x: [ -1313128.2     -303714.      -422610.16    -145085.19     -75187.445
   -268786.9     -256960.55    -125970.84    -162753.31     -78183.69
   -190578.89    -370076.25    -157654.5      -75594.555   -138851.34
  -2212056.      -123039.91  -11001273.      -182908.14    -107067.49
   -127760.305   -100696.62  -11804001.      -151669.28    -110955.45
    -98294.11    -221565.95    -703632.56    -401558.25    -528434.
   -205558.2     -219248.44    -135338.11    -658414.7     -127822.02
    -82809.805 -29055372.      -200365.14    -104260.55    -322723.16
   -167229.27    -551144.3     -362509.     -1162088.8     -155211.97
   -708305.7     -437315.03    -114981.78    -129378.88   -1100361.4
   -143913.95    -490973.1     -303636.06    -520984.5     -196343.23
   -151328.69    -213137.2     -673800.06    -121942.84    -137583.72
   -238955.5    -1141270.      -167939.58     -85651.26 ]
Iteration 4, x: [1.7939083e+08 3.2061556e+07 6.4478792e+07 2.1365110e+07 7.7720115e+06
 3.4375280e+07 3.1437794e+07 1.9240808e+07 2.2135428e+07 8.9846820e+06
 2.4022298e+07 4.7422276e+07 2.2093782e+07 9.4651400e+06 1.5853255e+07
 2.7843450e+08 1.4469391e+07 1.6360447e+09 1.9062622e+07 1.4087826e+07
 1.7039856e+07 1.1826737e+07 1.7047130e+09 2.0091352e+07 1.3018199e+07
 1.2649639e+07 3.3103348e+07 8.4620648e+07 5.0155120e+07 6.6203804e+07
 2.3064538e+07 2.2918458e+07 1.4177385e+07 8.1834936e+07 1.5417073e+07
 1.1990931e+07 2.9323377e+09 2.3592978e+07 1.2469349e+07 4.0634300e+07
 1.9243558e+07 6.7748072e+07 4.5047996e+07 1.3924224e+08 2.0486324e+07
 8.2582480e+07 5.4284216e+07 1.3114376e+07 1.7233242e+07 1.4077363e+08
 1.8397366e+07 6.1507004e+07 4.0500136e+07 5.6564812e+07 2.4054480e+07
 1.6260266e+07 2.4100868e+07 6.9006752e+07 1.6415183e+07 1.8334512e+07
 2.8679092e+07 1.2933220e+08 2.2144666e+07 1.0155034e+07]
Iteration 5, x: [-2.0675414e+10 -4.2474084e+09 -7.0157834e+09 -2.3666990e+09
 -1.0515140e+09 -4.1091356e+09 -3.8375099e+09 -2.0941994e+09
 -2.5587151e+09 -1.1332836e+09 -2.8767532e+09 -5.6635028e+09
 -2.5193423e+09 -1.1386852e+09 -2.0173978e+09 -3.3605286e+10
 -1.8113268e+09 -1.8007341e+11 -2.5464671e+09 -1.6568046e+09
 -1.9860367e+09 -1.4810186e+09 -1.9134954e+11 -2.3349169e+09
 -1.6280648e+09 -1.5075908e+09 -3.6344980e+09 -1.0497589e+10
 -6.0556129e+09 -8.0103224e+09 -2.9567091e+09 -3.0608067e+09
 -1.8980690e+09 -9.9598111e+09 -1.8957179e+09 -1.3419430e+09
 -3.9685643e+11 -2.9334042e+09 -1.5385425e+09 -4.9011210e+09
 -2.4156897e+09 -8.2760407e+09 -5.4907402e+09 -1.7164117e+10
 -2.4098883e+09 -1.0326404e+10 -6.5785544e+09 -1.6678520e+09
 -2.0136421e+09 -1.6822327e+10 -2.1977068e+09 -7.4517734e+09
 -4.7330775e+09 -7.3932073e+09 -2.9432717e+09 -2.1390157e+09
 -3.0807624e+09 -9.3367132e+09 -1.9055384e+09 -2.1397860e+09
 -3.5444836e+09 -1.6489925e+10 -2.6001459e+09 -1.2649818e+09]
residual:
 [6.0029082e+11 3.5375409e+11 4.6586252e+11 4.6178124e+11 3.6246579e+11
 7.3064946e+11 7.0981229e+11 5.7319870e+11 5.9008890e+11 2.5500408e+11
 4.8199585e+11 6.3428323e+11 6.4764130e+11 3.2203742e+11 4.3184082e+11
 8.0178931e+11 5.0581432e+11 4.6019255e+11 3.8530888e+11 5.3598572e+11
 4.8888421e+11 5.1775010e+11 6.6184328e+11 3.0748325e+11 4.7533123e+11
 5.4983839e+11 4.2267024e+11 4.2710427e+11 5.1925290e+11 7.1153641e+11
 3.5750950e+11 4.9681655e+11 4.6079672e+11 5.6757971e+11 5.7082675e+11
 5.1398033e+11 2.8670106e+11 4.6800572e+11 4.3015917e+11 7.9137551e+11
 3.8478882e+11 5.3852884e+11 5.5200750e+11 4.4569487e+11 6.4616504e+11
 5.0261570e+11 4.8730001e+11 5.9283250e+11 6.4062475e+11 4.5524910e+11
 7.9957878e+11 5.1959136e+11 7.1523284e+11 5.2393103e+11 8.0713757e+11
 5.5254339e+11 6.2882284e+11 4.9618374e+11 7.1932445e+11 7.3029989e+11
 5.7805675e+11 6.4129204e+11 7.6240414e+11 4.3092004e+11]
Copying data...
Launching kernel...
Kernel execution time: 7.918 seconds
Copied back result.
b_next_host calculated:  [1.8046685e+13 1.6851874e+13 1.7991803e+13 1.5819263e+13 1.7285531e+13
 1.7092392e+13 1.4950093e+13 1.5149562e+13 1.6367468e+13 1.6329929e+13
 1.6582426e+13 1.8438846e+13 1.7579666e+13 1.7625552e+13 1.6947476e+13
 1.7135855e+13 1.5488650e+13 1.7960633e+13 1.4663098e+13 1.6258967e+13
 1.6623444e+13 1.8827585e+13 1.6933402e+13 1.8368197e+13 1.7345598e+13
 1.6100289e+13 1.7024446e+13 1.8846174e+13 1.7131417e+13 1.8435933e+13
 1.6147175e+13 1.8165556e+13 1.7243950e+13 1.8431001e+13 1.7159263e+13
 1.7852132e+13 1.6504349e+13 1.5866480e+13 1.7708228e+13 1.5624926e+13
 1.7508166e+13 1.7511322e+13 1.8162714e+13 1.6372152e+13 1.7005022e+13
 1.8360247e+13 1.8576289e+13 1.7826696e+13 1.8928407e+13 1.7481402e+13
 1.6832384e+13 1.7680508e+13 1.5402485e+13 1.6961612e+13 1.6713708e+13
 1.6950336e+13 1.7617771e+13 1.7078074e+13 1.6336818e+13 1.6169596e+13
 1.8130762e+13 1.7364350e+13 1.7842372e+13 1.6997908e+13]
b_next_device calculated:  [1.8046687e+13 1.6851877e+13 1.7991807e+13 1.5819266e+13 1.7285535e+13
 1.7092395e+13 1.4950096e+13 1.5149566e+13 1.6367473e+13 1.6329931e+13
 1.6582429e+13 1.8438850e+13 1.7579669e+13 1.7625556e+13 1.6947480e+13
 1.7135857e+13 1.5488652e+13 1.7960635e+13 1.4663102e+13 1.6258970e+13
 1.6623447e+13 1.8827589e+13 1.6933407e+13 1.8368199e+13 1.7345602e+13
 1.6100291e+13 1.7024447e+13 1.8846180e+13 1.7131421e+13 1.8435935e+13
 1.6147179e+13 1.8165558e+13 1.7243953e+13 1.8431005e+13 1.7159265e+13
 1.7852136e+13 1.6504353e+13 1.5866484e+13 1.7708232e+13 1.5624930e+13
 1.7508169e+13 1.7511326e+13 1.8162718e+13 1.6372155e+13 1.7005025e+13
 1.8360249e+13 1.8576293e+13 1.7826696e+13 1.8928410e+13 1.7481405e+13
 1.6832386e+13 1.7680510e+13 1.5402487e+13 1.6961614e+13 1.6713711e+13
 1.6950339e+13 1.7617775e+13 1.7078079e+13 1.6336820e+13 1.6169599e+13
 1.8130766e+13 1.7364354e+13 1.7842376e+13 1.6997912e+13]
SUCCESS
Completed configuration: out/out_A64_64_R64_64_PE8_8
Moving sim* files to out directory
----------------------------------------
Running configuration: out/out_A64_64_R64_64_PE16_16
Fabric dimensions: 23x18
compile successful
Iteration 1, x: [  -73.53682     -23.238247    -25.847746    -10.274219     -5.0855403
   -10.762736    -11.790093     -7.055625     -7.7137194    -7.359471
   -11.516743    -18.52289      -7.9242787    -5.9166536    -9.611501
   -88.71752      -5.4886055  -760.06146     -12.709284     -5.865497
    -6.9985476    -4.646021   -619.8647      -16.552952     -6.6529546
    -5.36797     -17.931604    -38.521645    -26.040161    -21.535896
   -14.011025    -12.074021     -6.451919    -34.770298     -5.6022635
    -4.9455767 -2493.334       -11.355073     -6.1251764   -11.772084
   -12.787629    -34.22704     -19.785398    -83.70311      -7.717794
   -36.676964    -26.600067     -5.3247027    -6.6641383   -73.690865
    -6.5228763   -30.11845     -12.263918    -27.8383       -7.5575657
    -7.5880275    -9.306597    -37.404007     -4.603468     -5.4293785
   -11.548796    -50.495697     -7.4682336    -5.43683  ]
Iteration 2, x: [ 13081.204     1946.3466    4883.3105    1596.5908     500.75928
   2475.8267    2142.4363    1472.7937    1630.7004     556.3193
   1616.5269    3394.0576    1667.6183     632.64105   1047.3915
  19989.064      984.99445 121630.164     1144.0143    1016.2651
   1213.1614     806.7668  129721.836     1325.268      870.0786
    911.2692    2453.4167    5983.342     3430.6626    4741.729
   1471.1567    1389.8282     906.74243   5836.7197    1036.707
    909.28925 159779.48      1526.4216     818.7481    2917.0881
   1174.0696    4710.789     3270.648     9152.639     1494.3926
   5312.217     3737.1306     869.1537    1252.1704    9907.464
   1315.7091    4405.2915    2981.4585    3589.248     1687.5396
   1022.07776   1585.4083    4178.5884    1194.8435    1329.7688
   1957.1074    8495.219     1599.0364     694.4548 ]
Iteration 3, x: [ -1313128.2     -303714.      -422610.16    -145085.19     -75187.445
   -268786.9     -256960.55    -125970.84    -162753.31     -78183.69
   -190578.89    -370076.25    -157654.5      -75594.555   -138851.34
  -2212056.      -123039.91  -11001273.      -182908.14    -107067.49
   -127760.305   -100696.62  -11804001.      -151669.28    -110955.45
    -98294.11    -221565.95    -703632.56    -401558.25    -528434.
   -205558.2     -219248.44    -135338.11    -658414.7     -127822.02
    -82809.805 -29055372.      -200365.14    -104260.55    -322723.16
   -167229.27    -551144.3     -362509.     -1162088.8     -155211.97
   -708305.7     -437315.03    -114981.78    -129378.88   -1100361.4
   -143913.95    -490973.1     -303636.06    -520984.5     -196343.23
   -151328.69    -213137.2     -673800.06    -121942.84    -137583.72
   -238955.5    -1141270.      -167939.58     -85651.26 ]
Iteration 4, x: [1.7939083e+08 3.2061556e+07 6.4478792e+07 2.1365110e+07 7.7720115e+06
 3.4375280e+07 3.1437794e+07 1.9240808e+07 2.2135428e+07 8.9846820e+06
 2.4022298e+07 4.7422276e+07 2.2093782e+07 9.4651400e+06 1.5853255e+07
 2.7843450e+08 1.4469391e+07 1.6360447e+09 1.9062622e+07 1.4087826e+07
 1.7039856e+07 1.1826737e+07 1.7047130e+09 2.0091352e+07 1.3018199e+07
 1.2649639e+07 3.3103348e+07 8.4620648e+07 5.0155120e+07 6.6203804e+07
 2.3064538e+07 2.2918458e+07 1.4177385e+07 8.1834936e+07 1.5417073e+07
 1.1990931e+07 2.9323377e+09 2.3592978e+07 1.2469349e+07 4.0634300e+07
 1.9243558e+07 6.7748072e+07 4.5047996e+07 1.3924224e+08 2.0486324e+07
 8.2582480e+07 5.4284216e+07 1.3114376e+07 1.7233242e+07 1.4077363e+08
 1.8397366e+07 6.1507004e+07 4.0500136e+07 5.6564812e+07 2.4054480e+07
 1.6260266e+07 2.4100868e+07 6.9006752e+07 1.6415183e+07 1.8334512e+07
 2.8679092e+07 1.2933220e+08 2.2144666e+07 1.0155034e+07]
Iteration 5, x: [-2.0675414e+10 -4.2474084e+09 -7.0157834e+09 -2.3666990e+09
 -1.0515140e+09 -4.1091356e+09 -3.8375099e+09 -2.0941994e+09
 -2.5587151e+09 -1.1332836e+09 -2.8767532e+09 -5.6635028e+09
 -2.5193423e+09 -1.1386852e+09 -2.0173978e+09 -3.3605286e+10
 -1.8113268e+09 -1.8007341e+11 -2.5464671e+09 -1.6568046e+09
 -1.9860367e+09 -1.4810186e+09 -1.9134954e+11 -2.3349169e+09
 -1.6280648e+09 -1.5075908e+09 -3.6344980e+09 -1.0497589e+10
 -6.0556129e+09 -8.0103224e+09 -2.9567091e+09 -3.0608067e+09
 -1.8980690e+09 -9.9598111e+09 -1.8957179e+09 -1.3419430e+09
 -3.9685643e+11 -2.9334042e+09 -1.5385425e+09 -4.9011210e+09
 -2.4156897e+09 -8.2760407e+09 -5.4907402e+09 -1.7164117e+10
 -2.4098883e+09 -1.0326404e+10 -6.5785544e+09 -1.6678520e+09
 -2.0136421e+09 -1.6822327e+10 -2.1977068e+09 -7.4517734e+09
 -4.7330775e+09 -7.3932073e+09 -2.9432717e+09 -2.1390157e+09
 -3.0807624e+09 -9.3367132e+09 -1.9055384e+09 -2.1397860e+09
 -3.5444836e+09 -1.6489925e+10 -2.6001459e+09 -1.2649818e+09]
residual:
 [6.0029082e+11 3.5375409e+11 4.6586252e+11 4.6178124e+11 3.6246579e+11
 7.3064946e+11 7.0981229e+11 5.7319870e+11 5.9008890e+11 2.5500408e+11
 4.8199585e+11 6.3428323e+11 6.4764130e+11 3.2203742e+11 4.3184082e+11
 8.0178931e+11 5.0581432e+11 4.6019255e+11 3.8530888e+11 5.3598572e+11
 4.8888421e+11 5.1775010e+11 6.6184328e+11 3.0748325e+11 4.7533123e+11
 5.4983839e+11 4.2267024e+11 4.2710427e+11 5.1925290e+11 7.1153641e+11
 3.5750950e+11 4.9681655e+11 4.6079672e+11 5.6757971e+11 5.7082675e+11
 5.1398033e+11 2.8670106e+11 4.6800572e+11 4.3015917e+11 7.9137551e+11
 3.8478882e+11 5.3852884e+11 5.5200750e+11 4.4569487e+11 6.4616504e+11
 5.0261570e+11 4.8730001e+11 5.9283250e+11 6.4062475e+11 4.5524910e+11
 7.9957878e+11 5.1959136e+11 7.1523284e+11 5.2393103e+11 8.0713757e+11
 5.5254339e+11 6.2882284e+11 4.9618374e+11 7.1932445e+11 7.3029989e+11
 5.7805675e+11 6.4129204e+11 7.6240414e+11 4.3092004e+11]
Copying data...
Launching kernel...
Kernel execution time: 53.848 seconds
Copied back result.
b_next_host calculated:  [1.8046685e+13 1.6851874e+13 1.7991803e+13 1.5819263e+13 1.7285531e+13
 1.7092392e+13 1.4950093e+13 1.5149562e+13 1.6367468e+13 1.6329929e+13
 1.6582426e+13 1.8438846e+13 1.7579666e+13 1.7625552e+13 1.6947476e+13
 1.7135855e+13 1.5488650e+13 1.7960633e+13 1.4663098e+13 1.6258967e+13
 1.6623444e+13 1.8827585e+13 1.6933402e+13 1.8368197e+13 1.7345598e+13
 1.6100289e+13 1.7024446e+13 1.8846174e+13 1.7131417e+13 1.8435933e+13
 1.6147175e+13 1.8165556e+13 1.7243950e+13 1.8431001e+13 1.7159263e+13
 1.7852132e+13 1.6504349e+13 1.5866480e+13 1.7708228e+13 1.5624926e+13
 1.7508166e+13 1.7511322e+13 1.8162714e+13 1.6372152e+13 1.7005022e+13
 1.8360247e+13 1.8576289e+13 1.7826696e+13 1.8928407e+13 1.7481402e+13
 1.6832384e+13 1.7680508e+13 1.5402485e+13 1.6961612e+13 1.6713708e+13
 1.6950336e+13 1.7617771e+13 1.7078074e+13 1.6336818e+13 1.6169596e+13
 1.8130762e+13 1.7364350e+13 1.7842372e+13 1.6997908e+13]
b_next_device calculated:  [1.8046687e+13 1.6851876e+13 1.7991807e+13 1.5819267e+13 1.7285536e+13
 1.7092397e+13 1.4950099e+13 1.5149566e+13 1.6367473e+13 1.6329932e+13
 1.6582430e+13 1.8438850e+13 1.7579670e+13 1.7625556e+13 1.6947481e+13
 1.7135857e+13 1.5488653e+13 1.7960639e+13 1.4663102e+13 1.6258970e+13
 1.6623450e+13 1.8827587e+13 1.6933406e+13 1.8368201e+13 1.7345601e+13
 1.6100291e+13 1.7024451e+13 1.8846180e+13 1.7131420e+13 1.8435937e+13
 1.6147179e+13 1.8165558e+13 1.7243955e+13 1.8431007e+13 1.7159268e+13
 1.7852136e+13 1.6504353e+13 1.5866484e+13 1.7708232e+13 1.5624931e+13
 1.7508171e+13 1.7511327e+13 1.8162720e+13 1.6372155e+13 1.7005029e+13
 1.8360251e+13 1.8576293e+13 1.7826700e+13 1.8928414e+13 1.7481405e+13
 1.6832388e+13 1.7680514e+13 1.5402490e+13 1.6961615e+13 1.6713712e+13
 1.6950340e+13 1.7617775e+13 1.7078080e+13 1.6336820e+13 1.6169600e+13
 1.8130766e+13 1.7364355e+13 1.7842378e+13 1.6997913e+13]
SUCCESS
Completed configuration: out/out_A64_64_R64_64_PE16_16
Moving sim* files to out directory
----------------------------------------
Running configuration: out/out_A16_16_R16_16_PE8_8
Fabric dimensions: 15x10
compile successful
Iteration 1, x: [-15.928286    -1.5528803   -2.8747933   -2.7988698   -0.48044974
  -2.3310559   -1.4182793   -6.486836    -1.3516407   -1.3835068
  -3.8168561   -5.398188    -1.104979    -4.9782834   -1.5449468
  -1.62981   ]
Iteration 2, x: [69.35149  17.505247 20.804155 13.319244 10.692783 17.324577 12.112072
 61.352135 12.621944 21.913834 19.367598 28.071354 13.810757 39.8235
 16.374537 13.889027]
Iteration 3, x: [-555.44446  -118.44943  -144.08861  -106.04446   -60.09642  -124.84263
  -73.37772  -372.18903   -73.60064  -127.842735 -179.1618   -212.44365
  -90.5486   -266.0223    -93.78649   -85.724785]
Iteration 4, x: [3802.435    817.16223 1003.61395  728.43677  448.72467  847.03503
  538.83936 2693.2197   544.1065   911.74164 1122.4366  1456.8813
  628.61145 1857.381    701.0272   624.1467 ]
Iteration 5, x: [-26426.213   -5703.3584  -6987.601   -5040.032   -3071.21    -5937.955
  -3697.7742 -18656.432   -3745.7712  -6368.465   -8056.317  -10155.846
  -4395.4746 -12951.374   -4794.5605  -4292.155 ]
residual:
 [48210.848 61600.234 61042.85  51493.004 62386.49  74043.49  71969.586
 58969.457 75677.875 64795.688 53056.53  50035.78  63280.707 76180.516
 72214.36  77429.836]
Copying data...
Launching kernel...
Kernel execution time: 6.866 seconds
Copied back result.
b_next_host calculated:  [377479.44 601590.9  478162.88 486931.3  527558.94 470659.12 609353.3
 574563.   662702.4  462272.84 558753.06 324040.5  586538.3  455267.75
 633437.7  491505.06]
b_next_device calculated:  [377479.5  601590.94 478162.94 486931.44 527559.   470659.2  609353.4
 574563.   662702.5  462272.9  558753.2  324040.6  586538.44 455267.8
 633437.75 491505.16]
SUCCESS
Completed configuration: out/out_A16_16_R16_16_PE8_8
Moving sim* files to out directory
----------------------------------------
Running configuration: out/out_A16_16_R16_16_PE4_4
Fabric dimensions: 11x6
compile successful
Iteration 1, x: [-15.928286    -1.5528803   -2.8747933   -2.7988698   -0.48044974
  -2.3310559   -1.4182793   -6.486836    -1.3516407   -1.3835068
  -3.8168561   -5.398188    -1.104979    -4.9782834   -1.5449468
  -1.62981   ]
Iteration 2, x: [69.35149  17.505247 20.804155 13.319244 10.692783 17.324577 12.112072
 61.352135 12.621944 21.913834 19.367598 28.071354 13.810757 39.8235
 16.374537 13.889027]
Iteration 3, x: [-555.44446  -118.44943  -144.08861  -106.04446   -60.09642  -124.84263
  -73.37772  -372.18903   -73.60064  -127.842735 -179.1618   -212.44365
  -90.5486   -266.0223    -93.78649   -85.724785]
Iteration 4, x: [3802.435    817.16223 1003.61395  728.43677  448.72467  847.03503
  538.83936 2693.2197   544.1065   911.74164 1122.4366  1456.8813
  628.61145 1857.381    701.0272   624.1467 ]
Iteration 5, x: [-26426.213   -5703.3584  -6987.601   -5040.032   -3071.21    -5937.955
  -3697.7742 -18656.432   -3745.7712  -6368.465   -8056.317  -10155.846
  -4395.4746 -12951.374   -4794.5605  -4292.155 ]
residual:
 [48210.848 61600.234 61042.85  51493.004 62386.49  74043.49  71969.586
 58969.457 75677.875 64795.688 53056.53  50035.78  63280.707 76180.516
 72214.36  77429.836]
Copying data...
Launching kernel...
Kernel execution time: 3.001 seconds
Copied back result.
b_next_host calculated:  [377479.44 601590.9  478162.88 486931.3  527558.94 470659.12 609353.3
 574563.   662702.4  462272.84 558753.06 324040.5  586538.3  455267.75
 633437.7  491505.06]
b_next_device calculated:  [377479.5  601591.   478162.94 486931.47 527559.06 470659.25 609353.44
 574563.06 662702.5  462272.94 558753.2  324040.56 586538.44 455267.84
 633437.9  491505.16]
SUCCESS
Completed configuration: out/out_A16_16_R16_16_PE4_4
Moving sim* files to out directory
----------------------------------------
Running configuration: out/out_A16_16_R16_16_PE2_2
Fabric dimensions: 9x4
compile successful
Iteration 1, x: [-15.928286    -1.5528803   -2.8747933   -2.7988698   -0.48044974
  -2.3310559   -1.4182793   -6.486836    -1.3516407   -1.3835068
  -3.8168561   -5.398188    -1.104979    -4.9782834   -1.5449468
  -1.62981   ]
Iteration 2, x: [69.35149  17.505247 20.804155 13.319244 10.692783 17.324577 12.112072
 61.352135 12.621944 21.913834 19.367598 28.071354 13.810757 39.8235
 16.374537 13.889027]
Iteration 3, x: [-555.44446  -118.44943  -144.08861  -106.04446   -60.09642  -124.84263
  -73.37772  -372.18903   -73.60064  -127.842735 -179.1618   -212.44365
  -90.5486   -266.0223    -93.78649   -85.724785]
Iteration 4, x: [3802.435    817.16223 1003.61395  728.43677  448.72467  847.03503
  538.83936 2693.2197   544.1065   911.74164 1122.4366  1456.8813
  628.61145 1857.381    701.0272   624.1467 ]
Iteration 5, x: [-26426.213   -5703.3584  -6987.601   -5040.032   -3071.21    -5937.955
  -3697.7742 -18656.432   -3745.7712  -6368.465   -8056.317  -10155.846
  -4395.4746 -12951.374   -4794.5605  -4292.155 ]
residual:
 [48210.848 61600.234 61042.85  51493.004 62386.49  74043.49  71969.586
 58969.457 75677.875 64795.688 53056.53  50035.78  63280.707 76180.516
 72214.36  77429.836]
Copying data...
Launching kernel...
Kernel execution time: 2.472 seconds
Copied back result.
b_next_host calculated:  [377479.44 601590.9  478162.88 486931.3  527558.94 470659.12 609353.3
 574563.   662702.4  462272.84 558753.06 324040.5  586538.3  455267.75
 633437.7  491505.06]
b_next_device calculated:  [377479.53 601591.   478163.   486931.44 527559.   470659.25 609353.4
 574563.1  662702.5  462272.94 558753.2  324040.56 586538.5  455267.88
 633437.9  491505.2 ]
SUCCESS
Completed configuration: out/out_A16_16_R16_16_PE2_2
Moving sim* files to out directory
----------------------------------------
Running configuration: out/out_A4_4_R4_4_PE4_4
Fabric dimensions: 11x6
compile successful
Iteration 1, x: [-0.63675034  0.4704055   0.5849794   0.07855696]
Iteration 2, x: [-0.77231205  1.1022568   0.4405066   0.26912683]
Iteration 3, x: [-3.3409019   1.6418734   0.13187754  0.41508597]
Iteration 4, x: [-6.761924    3.6458256   0.07455358  0.89052117]
Iteration 5, x: [-17.262548     7.0494013   -0.19212249   1.6426878 ]
residual:
 [-4.6843357  14.014565    0.15057476  5.220874  ]
Copying data...
Launching kernel...
Kernel execution time: 2.721 seconds
Copied back result.
b_next_host calculated:  [1.6042573 6.0145426 9.375953  2.3273363]
b_next_device calculated:  [1.6042583 6.0145435 9.375955  2.3273373]
SUCCESS
Completed configuration: out/out_A4_4_R4_4_PE4_4
Moving sim* files to out directory
----------------------------------------
