INFO: Using SIF: /software/cerebras/cs_sdk-1.2.0/sdk-cbcore-202406260214-3-f03c8e31.sif
INFO: User's specified CSL_IMPORT_PATH=
NOTE: CSL_IMPORT_PATH accepts colon separated list of paths generated by 'realpath <path>'
INFO:    Environment variable SINGULARITYENV_PYTHONPATH is set, but APPTAINERENV_PYTHONPATH is preferred
compile successful
INFO: Using SIF: /software/cerebras/cs_sdk-1.2.0/sdk-cbcore-202406260214-3-f03c8e31.sif
INFO:    Environment variable SINGULARITYENV_PYTHONPATH is set, but APPTAINERENV_PYTHONPATH is preferred
out already exists
##################################################PARAMETERS
cslc = cslc
width_west_buf = 0
width_east_buf = 0
channels = 1
width = 5, height = 5, pe_length=5, zDim=5, blockSize=2
max_ite = 40
store ELFs and log files in the folder  out
	use pre-compile ELFs
|b| = 811.711181640625
max_ite = 40
eps = 0.001
absolute tol = 0.8117111816406251
##################################################
[CG] iter 0: rho = 656876.4375
[CG] iter 1: rho = 291840.8125
[CG] iter 2: rho = 89168.9453125
[CG] iter 3: rho = 24423.818359375
[CG] iter 4: rho = 7381.18115234375
[CG] iter 5: rho = 2338.543212890625
[CG] iter 6: rho = 542.4423217773438
[CG] iter 7: rho = 90.5536117553711
[CG] iter 8: rho = 11.100900650024414
[CG] iter 9: rho = 1.2766162157058716
[CG] iter 10: rho = 0.102565698325634
##################################################
After build_levels(SETUP)
Variable    Values
----------  ----------------------------------------------------------------------------
Level       0
A           [[ 6. -1.  0. ...  0.  0.  0.]
             [-1.  6. -1. ...  0.  0.  0.]
             [ 0. -1.  6. ...  0.  0.  0.]
             ...
             [ 0.  0.  0. ...  6. -1.  0.]
             [ 0.  0.  0. ... -1.  6. -1.]
             [ 0.  0.  0. ...  0. -1.  6.]] (float64)
b           [  1.  26.  51.  76. 101.   6.  31.  56.  81. 106.  11.  36.  61.  86.
             111.  16.  41.  66.  91. 116.  21.  46.  71.  96. 121.   2.  27.  52.
              77. 102.   7.  32.  57.  82. 107.  12.  37.  62.  87. 112.  17.  42.
              67.  92. 117.  22.  47.  72.  97. 122.   3.  28.  53.  78. 103.   8.
              33.  58.  83. 108.  13.  38.  63.  88. 113.  18.  43.  68.  93. 118.
              23.  48.  73.  98. 123.   4.  29.  54.  79. 104.   9.  34.  59.  84.
             109.  14.  39.  64.  89. 114.  19.  44.  69.  94. 119.  24.  49.  74.
              99. 124.   5.  30.  55.  80. 105.  10.  35.  60.  85. 110.  15.  40.
              65.  90. 115.  20.  45.  70.  95. 120.  25.  50.  75. 100. 125.] (float64)
x           [0.05389094 0.06736367 0.08083641 0.09430914 0.10778187 0.05658548
             0.07005822 0.08353095 0.09700368 0.11047642 0.05928003 0.07275277
             0.08622549 0.09969823 0.11317097 0.06197458 0.07544731 0.08892004
             0.10239278 0.11586551 0.06466912 0.07814186 0.09161459 0.10508732
             0.11856006 0.05442984 0.06790258 0.08137532 0.09484804 0.10832078
             0.05712439 0.07059713 0.08406986 0.09754259 0.11101533 0.05981894
             0.07329167 0.08676441 0.10023714 0.11370987 0.06251349 0.07598622
             0.08945896 0.10293169 0.11640442 0.06520803 0.07868077 0.0921535
             0.10562623 0.11909897 0.05496876 0.06844149 0.08191422 0.09538696
             0.10885969 0.0576633  0.07113604 0.08460877 0.09808151 0.11155424
             0.06035785 0.07383058 0.08730332 0.10077605 0.11424878 0.06305239
             0.07652513 0.08999787 0.10347059 0.11694333 0.06574694 0.07921968
             0.09269241 0.10616514 0.11963788 0.05550766 0.0689804  0.08245313
             0.09592587 0.1093986  0.05820221 0.07167494 0.08514768 0.09862041
             0.11209315 0.06089676 0.07436949 0.08784223 0.10131496 0.11478769
             0.0635913  0.07706404 0.09053677 0.10400951 0.11748224 0.06628585
             0.07975858 0.09323132 0.10670406 0.12017678 0.05604658 0.06951931
             0.08299204 0.09646478 0.10993751 0.05874112 0.07221385 0.08568659
             0.09915932 0.11263206 0.06143567 0.0749084  0.08838113 0.10185387
             0.11532661 0.06413022 0.07760295 0.09107568 0.10454842 0.11802115
             0.06682476 0.08029749 0.09377023 0.10724296 0.1207157 ] (float64)
x_smooth    -
R           [[1. 0. 0. ... 0. 0. 0.]
             [0. 0. 1. ... 0. 0. 0.]
             [0. 0. 0. ... 0. 0. 0.]
             ...
             [0. 0. 0. ... 0. 0. 0.]
             [0. 0. 0. ... 1. 0. 0.]
             [0. 0. 0. ... 0. 0. 1.]] (float64)
P           [[1. 0. 0. ... 0. 0. 0.]
             [0. 0. 0. ... 0. 0. 0.]
             [0. 1. 0. ... 0. 0. 0.]
             ...
             [0. 0. 0. ... 0. 1. 0.]
             [0. 0. 0. ... 0. 0. 0.]
             [0. 0. 0. ... 0. 0. 1.]] (float64)
Variable    Values
----------  ------------------------------------------------------------------------
Level       1
A           [[6. 0. 0. ... 0. 0. 0.]
             [0. 6. 0. ... 0. 0. 0.]
             [0. 0. 6. ... 0. 0. 0.]
             ...
             [0. 0. 0. ... 6. 0. 0.]
             [0. 0. 0. ... 0. 6. 0.]
             [0. 0. 0. ... 0. 0. 6.]] (float64)
b           -
x           [0. 0. 0. 0. 0. 0. 0. 0. 0. 0. 0. 0. 0. 0. 0. 0. 0. 0. 0. 0. 0. 0. 0. 0.
             0. 0. 0. 0. 0. 0. 0. 0. 0. 0. 0. 0. 0. 0. 0. 0. 0. 0. 0. 0. 0. 0. 0. 0.
             0. 0. 0. 0. 0. 0. 0. 0. 0. 0. 0. 0. 0. 0. 0.] (float64)
x_smooth    -
R           -
P           -
  LevelID  Shape of A      NNZ in A  Shape of R    Shape of P    Shape of x    Shape of x_smooth    Shape of b
---------  ------------  ----------  ------------  ------------  ------------  -------------------  ------------
        0  (125, 125)           725  (63, 125)     (125, 63)     (125,)        -                    (125,)
        1  (63, 63)              63  -             -             (63,)         -                    -
After solve_V_down
Variable    Values
----------  ----------------------------------------------------------------------------
Level       0
A           [[ 6. -1.  0. ...  0.  0.  0.]
             [-1.  6. -1. ...  0.  0.  0.]
             [ 0. -1.  6. ...  0.  0.  0.]
             ...
             [ 0.  0.  0. ...  6. -1.  0.]
             [ 0.  0.  0. ... -1.  6. -1.]
             [ 0.  0.  0. ...  0. -1.  6.]] (float64)
b           [  1.  26.  51.  76. 101.   6.  31.  56.  81. 106.  11.  36.  61.  86.
             111.  16.  41.  66.  91. 116.  21.  46.  71.  96. 121.   2.  27.  52.
              77. 102.   7.  32.  57.  82. 107.  12.  37.  62.  87. 112.  17.  42.
              67.  92. 117.  22.  47.  72.  97. 122.   3.  28.  53.  78. 103.   8.
              33.  58.  83. 108.  13.  38.  63.  88. 113.  18.  43.  68.  93. 118.
              23.  48.  73.  98. 123.   4.  29.  54.  79. 104.   9.  34.  59.  84.
             109.  14.  39.  64.  89. 114.  19.  44.  69.  94. 119.  24.  49.  74.
              99. 124.   5.  30.  55.  80. 105.  10.  35.  60.  85. 110.  15.  40.
              65.  90. 115.  20.  45.  70.  95. 120.  25.  50.  75. 100. 125.] (float64)
x           [0.05389094 0.06736367 0.08083641 0.09430914 0.10778187 0.05658548
             0.07005822 0.08353095 0.09700368 0.11047642 0.05928003 0.07275277
             0.08622549 0.09969823 0.11317097 0.06197458 0.07544731 0.08892004
             0.10239278 0.11586551 0.06466912 0.07814186 0.09161459 0.10508732
             0.11856006 0.05442984 0.06790258 0.08137532 0.09484804 0.10832078
             0.05712439 0.07059713 0.08406986 0.09754259 0.11101533 0.05981894
             0.07329167 0.08676441 0.10023714 0.11370987 0.06251349 0.07598622
             0.08945896 0.10293169 0.11640442 0.06520803 0.07868077 0.0921535
             0.10562623 0.11909897 0.05496876 0.06844149 0.08191422 0.09538696
             0.10885969 0.0576633  0.07113604 0.08460877 0.09808151 0.11155424
             0.06035785 0.07383058 0.08730332 0.10077605 0.11424878 0.06305239
             0.07652513 0.08999787 0.10347059 0.11694333 0.06574694 0.07921968
             0.09269241 0.10616514 0.11963788 0.05550766 0.0689804  0.08245313
             0.09592587 0.1093986  0.05820221 0.07167494 0.08514768 0.09862041
             0.11209315 0.06089676 0.07436949 0.08784223 0.10131496 0.11478769
             0.0635913  0.07706404 0.09053677 0.10400951 0.11748224 0.06628585
             0.07975858 0.09323132 0.10670406 0.12017678 0.05604658 0.06951931
             0.08299204 0.09646478 0.10993751 0.05874112 0.07221385 0.08568659
             0.09915932 0.11263206 0.06143567 0.0749084  0.08838113 0.10185387
             0.11532661 0.06413022 0.07760295 0.09107568 0.10454842 0.11802115
             0.06682476 0.08029749 0.09377023 0.10724296 0.1207157 ] (float64)
x_smooth    [ 2.04320905  9.91496112 18.83778533 27.28380658 29.82934491  3.89424705
             13.30829053 23.76214842 33.69051191 36.3148777   5.68389879 15.51621818
             26.1096386  36.13104378 38.56861513  7.36801614 17.38473481 27.88511354
             37.76695619 39.78864679  7.60043622 16.39908725 25.4147286  33.76793271
             35.38657208  2.69010423 11.90020449 22.33548399 32.28242588 35.11073488
              4.85977432 15.90162812 28.10059042 39.76243385 42.84307114  6.9562316
             18.46307675 30.80182612 42.55686093 45.40436258  8.9362186  20.67378926
             32.91934726 44.534595   46.91951541  9.17423036 19.49686386 30.02511019
             39.87908524 41.59486101  3.05312149 12.4403677  22.99660139 33.0551933
             35.93783782  5.30704555 16.53557401 28.85568511 40.6293582  43.75517654
              7.43141532 19.12498006 31.58487822 43.45174269 46.34438049  9.43001067
             21.35433085 33.72103764 45.44811503 47.87814165  9.63006475 20.1299939
             30.77919442 40.7448195  42.51478109  3.38485805 12.71549335 23.16007701
             33.09771474 35.8054887   5.67506318 16.85606035 29.06434179 40.71686608
             43.65835999  7.78082462 19.42682811 31.77489663 43.5206123  46.22895561
              9.75150746 21.62822149 33.88309862 45.48902723 47.73480427  9.86898418
             20.31215271 30.84970321 40.6943741  42.28961483  3.15465448 11.21178635
             20.15317398 28.58063181 30.94079035  5.19107227 14.8276224  25.30007366
             35.20984379 37.61170292  6.99928745 17.05414342 27.66615721 37.66896902
             39.88400379  8.66484137 18.90406668 29.42303878 39.28628806 41.08547201
              8.71188166 17.69591248 26.73011725 35.06475794 36.49801752] (float64)
R           [[1. 0. 0. ... 0. 0. 0.]
             [0. 0. 1. ... 0. 0. 0.]
             [0. 0. 0. ... 0. 0. 0.]
             ...
             [0. 0. 0. ... 0. 0. 0.]
             [0. 0. 0. ... 1. 0. 0.]
             [0. 0. 0. ... 0. 0. 1.]] (float64)
P           [[1. 0. 0. ... 0. 0. 0.]
             [0. 0. 0. ... 0. 0. 0.]
             [0. 1. 0. ... 0. 0. 0.]
             ...
             [0. 0. 0. ... 0. 1. 0.]
             [0. 0. 0. ... 0. 0. 0.]
             [0. 0. 0. ... 0. 0. 1.]] (float64)
Variable    Values
----------  ------------------------------------------------------------------------
Level       1
A           [[6. 0. 0. ... 0. 0. 0.]
             [0. 6. 0. ... 0. 0. 0.]
             [0. 0. 6. ... 0. 0. 0.]
             ...
             [0. 0. 0. ... 6. 0. 0.]
             [0. 0. 0. ... 0. 6. 0.]
             [0. 0. 0. ... 0. 0. 6.]] (float64)
b           [ 5.24005812 21.26968814 20.73334969 20.13945973 42.11123884 10.6313202
             38.43851843 37.22724006 24.53381555 46.50559467  8.33871643 26.58887212
             23.83200801 18.8813182  40.85309732 12.5906106  49.81566309 50.28915873
             35.19621286 71.74483843 16.98496642 57.1253882  54.68351455 26.42102783
             48.39280695  8.50364661 34.86719878 35.09956647 32.27232281 68.82094839
             17.01060054 61.22089889 61.65209614 39.58204793 76.1306735  13.82283059
             43.7954979  40.41875044 19.76018937 41.73196848 13.46948176 51.27760811
             51.16802989 36.65815788 73.20678346 17.86383759 58.58733323 55.56238572
             27.299899   49.27167811  5.85978978 22.33352494 21.35308136 21.64740165
             43.61918077 11.695157   40.22417825 38.29107685 26.04175747 48.01353659
              8.9584481  27.65270891 24.45173967] (float64)
x           [0. 0. 0. 0. 0. 0. 0. 0. 0. 0. 0. 0. 0. 0. 0. 0. 0. 0. 0. 0. 0. 0. 0. 0.
             0. 0. 0. 0. 0. 0. 0. 0. 0. 0. 0. 0. 0. 0. 0. 0. 0. 0. 0. 0. 0. 0. 0. 0.
             0. 0. 0. 0. 0. 0. 0. 0. 0. 0. 0. 0. 0. 0. 0.] (float64)
x_smooth    -
R           -
P           -
  LevelID  Shape of A      NNZ in A  Shape of R    Shape of P    Shape of x    Shape of x_smooth    Shape of b
---------  ------------  ----------  ------------  ------------  ------------  -------------------  ------------
        0  (125, 125)           725  (63, 125)     (125, 63)     (125,)        (125,)               (125,)
        1  (63, 63)              63  -             -             (63,)         -                    (63,)
Coarse solver details
Variable    Shape     NNZ    values
----------  --------  -----  ------------------------------------------------------------------------
A_coarse    (63, 63)  (0, 0)	6.0
                        (1, 1)	6.0
                        (2, 2)	6.0
                        (3, 3)	6.0
                        (4, 4)	6.0
                        (5, 5)	6.0
                        (6, 6)	6.0
                        (7, 7)	6.0
                        (8, 8)	6.0
                        (9, 9)	6.0
                        (10, 10)	6.0
                        (11, 11)	6.0
                        (12, 12)	6.0
                        (13, 13)	6.0
                        (14, 14)	6.0
                        (15, 15)	6.0
                        (16, 16)	6.0
                        (17, 17)	6.0
                        (18, 18)	6.0
                        (19, 19)	6.0
                        (20, 20)	6.0
                        (21, 21)	6.0
                        (22, 22)	6.0
                        (23, 23)	6.0
                        (24, 24)	6.0
                        :	:
                        (38, 38)	6.0
                        (39, 39)	6.0
                        (40, 40)	6.0
                        (41, 41)	6.0
                        (42, 42)	6.0
                        (43, 43)	6.0
                        (44, 44)	6.0
                        (45, 45)	6.0
                        (46, 46)	6.0
                        (47, 47)	6.0
                        (48, 48)	6.0
                        (49, 49)	6.0
                        (50, 50)	6.0
                        (51, 51)	6.0
                        (52, 52)	6.0
                        (53, 53)	6.0
                        (54, 54)	6.0
                        (55, 55)	6.0
                        (56, 56)	6.0
                        (57, 57)	6.0
                        (58, 58)	6.0
                        (59, 59)	6.0
                        (60, 60)	6.0
                        (61, 61)	6.0
                        (62, 62)	6.0
x_coarse    (63,)     -      [0. 0. 0. 0. 0. 0. 0. 0. 0. 0. 0. 0. 0. 0. 0. 0. 0. 0. 0. 0. 0. 0. 0. 0.
                              0. 0. 0. 0. 0. 0. 0. 0. 0. 0. 0. 0. 0. 0. 0. 0. 0. 0. 0. 0. 0. 0. 0. 0.
                              0. 0. 0. 0. 0. 0. 0. 0. 0. 0. 0. 0. 0. 0. 0.]
b_coarse    (63,)     -      [ 5.24005812 21.26968814 20.73334969 20.13945973 42.11123884 10.6313202
                              38.43851843 37.22724006 24.53381555 46.50559467  8.33871643 26.58887212
                              23.83200801 18.8813182  40.85309732 12.5906106  49.81566309 50.28915873
                              35.19621286 71.74483843 16.98496642 57.1253882  54.68351455 26.42102783
                              48.39280695  8.50364661 34.86719878 35.09956647 32.27232281 68.82094839
                              17.01060054 61.22089889 61.65209614 39.58204793 76.1306735  13.82283059
                              43.7954979  40.41875044 19.76018937 41.73196848 13.46948176 51.27760811
                              51.16802989 36.65815788 73.20678346 17.86383759 58.58733323 55.56238572
                              27.299899   49.27167811  5.85978978 22.33352494 21.35308136 21.64740165
                              43.61918077 11.695157   40.22417825 38.29107685 26.04175747 48.01353659
                               8.9584481  27.65270891 24.45173967]
Soler = cg
After solve_V_up
Variable    Values
----------  ------------------------------------------------------------------------
Level       1
A           [[6. 0. 0. ... 0. 0. 0.]
             [0. 6. 0. ... 0. 0. 0.]
             [0. 0. 6. ... 0. 0. 0.]
             ...
             [0. 0. 0. ... 6. 0. 0.]
             [0. 0. 0. ... 0. 6. 0.]
             [0. 0. 0. ... 0. 0. 6.]] (float64)
b           [ 5.24005812 21.26968814 20.73334969 20.13945973 42.11123884 10.6313202
             38.43851843 37.22724006 24.53381555 46.50559467  8.33871643 26.58887212
             23.83200801 18.8813182  40.85309732 12.5906106  49.81566309 50.28915873
             35.19621286 71.74483843 16.98496642 57.1253882  54.68351455 26.42102783
             48.39280695  8.50364661 34.86719878 35.09956647 32.27232281 68.82094839
             17.01060054 61.22089889 61.65209614 39.58204793 76.1306735  13.82283059
             43.7954979  40.41875044 19.76018937 41.73196848 13.46948176 51.27760811
             51.16802989 36.65815788 73.20678346 17.86383759 58.58733323 55.56238572
             27.299899   49.27167811  5.85978978 22.33352494 21.35308136 21.64740165
             43.61918077 11.695157   40.22417825 38.29107685 26.04175747 48.01353659
              8.9584481  27.65270891 24.45173967] (float64)
x           [ 0.87334302  3.54494802  3.45555828  3.35657662  7.01853981  1.7718867
              6.40641974  6.20454001  4.08896926  7.75093244  1.38978607  4.43147869
              3.97200133  3.14688637  6.80884955  2.0984351   8.30261051  8.38152646
              5.86603548 11.95747307  2.83082774  9.52089803  9.11391909  4.40350464
              8.06546782  1.41727444  5.8111998   5.84992774  5.37872047 11.47015806
              2.83510009 10.20348315 10.27534936  6.59700799 12.68844558  2.3038051
              7.29924965  6.73645841  3.29336489  6.95532808  2.24491363  8.54626802
              8.52800498  6.10969298 12.20113058  2.97730626  9.76455554  9.26039762
              4.54998317  8.21194635  0.97663163  3.72225416  3.55884689  3.60790028
              7.26986346  1.94919283  6.70402971  6.38184614  4.34029291  8.0022561
              1.49307468  4.60878482  4.07528995] (float64)
x_smooth    -
R           -
P           -
Variable    Values
----------  ----------------------------------------------------------------------------
Level       0
A           [[ 6. -1.  0. ...  0.  0.  0.]
             [-1.  6. -1. ...  0.  0.  0.]
             [ 0. -1.  6. ...  0.  0.  0.]
             ...
             [ 0.  0.  0. ...  6. -1.  0.]
             [ 0.  0.  0. ... -1.  6. -1.]
             [ 0.  0.  0. ...  0. -1.  6.]] (float64)
b           [  1.  26.  51.  76. 101.   6.  31.  56.  81. 106.  11.  36.  61.  86.
             111.  16.  41.  66.  91. 116.  21.  46.  71.  96. 121.   2.  27.  52.
              77. 102.   7.  32.  57.  82. 107.  12.  37.  62.  87. 112.  17.  42.
              67.  92. 117.  22.  47.  72.  97. 122.   3.  28.  53.  78. 103.   8.
              33.  58.  83. 108.  13.  38.  63.  88. 113.  18.  43.  68.  93. 118.
              23.  48.  73.  98. 123.   4.  29.  54.  79. 104.   9.  34.  59.  84.
             109.  14.  39.  64.  89. 114.  19.  44.  69.  94. 119.  24.  49.  74.
              99. 124.   5.  30.  55.  80. 105.  10.  35.  60.  85. 110.  15.  40.
              65.  90. 115.  20.  45.  70.  95. 120.  25.  50.  75. 100. 125.] (float64)
x           [ 4.45552516 16.84456392 27.74686723 40.29821048 37.80133925  9.09141965
             22.37330198 41.77707102 51.06133463 51.92792689 10.63606579 29.1918219
             42.91475951 60.65494471 53.4130694  13.78214896 28.11090851 48.06969559
             56.79894116 56.61865621 11.12468798 25.41186537 36.30226795 48.86551193
             44.47050207  7.54079079 20.49168915 39.73258955 49.17972179 50.37729804
             11.08362496 33.94275278 50.56616279 73.41535183 63.29181808 16.92493305
             35.11589561 63.80864615 73.74156356 73.9440743  16.82123149 41.83727259
             58.29129638 81.30987164 69.0294246  16.10809224 30.93332777 51.1364178
             59.62136041 58.94459949  7.2139055  24.6302906  38.41109633 56.09341341
             49.99090911 14.40788322 32.02584218 60.33133333 70.65151012 71.42702448
             15.89278044 42.94476923 60.22219903 86.41117948 72.18857017 20.70050778
             39.75097577 69.02461538 78.37664371 77.71964904 15.76930622 36.03411885
             49.67025428 67.49724166 58.54630983  8.47893666 21.63921045 40.99111446
             50.3272431  51.3154439  12.23114626 35.52165674 52.11118951 74.99425579
             64.43933938 18.18345796 36.66092233 65.54730256 75.28659028 75.20259921
             17.96875279 43.41617655 59.8363231  82.8887756  70.17694591 17.04623811
             32.08084908 52.39494271 60.76888172 59.88274535  5.78935773 18.55802421
             29.45794738 42.01167077 39.13517182 10.80487994 24.46162971 44.05783667
             53.14966235 53.64138718 12.34714594 31.47258755 45.1665911  62.93571036
             55.12414954 15.49560925 30.19923624 50.35046124 58.88726888 58.33211649
             12.45852054 27.12532566 38.0133481  50.57897222 45.80433464] (float64)
x_smooth    [ 2.91655207  9.91496112 22.38273335 27.28380658 33.28490319  3.89424705
             16.66486715 23.76214842 40.70905172 36.3148777   7.4557855  15.51621818
             32.51605834 36.13104378 44.77315514  7.36801614 21.47370406 27.88511354
             45.51788864 39.78864679  8.99022229 16.39908725 29.84620728 33.76793271
             39.35857342  2.69010423 15.04709086 22.33548399 39.09127543 35.11073488
              6.95820942 15.90162812 36.40320094 39.76243385 51.22459759  6.9562316
             24.32911222 30.80182612 54.514334   45.40436258 11.76704634 20.67378926
             42.44024529 44.534595   56.0334345   9.17423036 23.9003685  30.02511019
             47.94455307 41.59486101  4.47039592 12.4403677  28.80780119 33.0551933
             41.78776557  5.30704555 21.91429448 28.85568511 52.09951626 43.75517654
             10.26651541 19.12498006 41.78836137 43.45174269 56.61972985  9.43001067
             27.95133884 33.72103764 58.13656062 47.87814165 11.93386985 20.1299939
             38.07844407 40.7448195  49.2512395   3.38485805 16.00885824 23.16007701
             40.05304282 35.8054887   7.91997681 16.85606035 37.61060981 40.71686608
             52.18636497  7.78082462 25.53652109 31.77489663 55.72174288 46.22895561
             12.72881372 21.62822149 43.64765416 45.48902723 56.99520189  9.86898418
             24.86213588 30.84970321 48.90632045 42.28961483  4.13128611 11.21178635
             23.87542814 28.58063181 34.49963724  5.19107227 18.43552268 25.30007366
             42.47970725 37.61170292  8.94848028 17.05414342 34.37018692 37.66896902
             46.26584993  8.66484137 23.24435959 29.42303878 47.28854416 41.08547201
             10.20495634 17.69591248 31.33890207 35.06475794 40.57330746] (float64)
R           [[1. 0. 0. ... 0. 0. 0.]
             [0. 0. 1. ... 0. 0. 0.]
             [0. 0. 0. ... 0. 0. 0.]
             ...
             [0. 0. 0. ... 0. 0. 0.]
             [0. 0. 0. ... 1. 0. 0.]
             [0. 0. 0. ... 0. 0. 1.]] (float64)
P           [[1. 0. 0. ... 0. 0. 0.]
             [0. 0. 0. ... 0. 0. 0.]
             [0. 1. 0. ... 0. 0. 0.]
             ...
             [0. 0. 0. ... 0. 1. 0.]
             [0. 0. 0. ... 0. 0. 0.]
             [0. 0. 0. ... 0. 0. 1.]] (float64)
  LevelID  Shape of A      NNZ in A  Shape of R    Shape of P    Shape of x    Shape of x_smooth    Shape of b
---------  ------------  ----------  ------------  ------------  ------------  -------------------  ------------
        1  (63, 63)              63  -             -             (63,)         -                    (63,)
        0  (125, 125)           725  (63, 125)     (125, 63)     (125,)        (125,)               (125,)
##################################################
Lower the better(0 = exact solution), below data which solution is better
[host] after CG, rho = 0.102565698325634, k = 10
[host] after spsolve, rho = 2.1443702280521393e-07
[host] after cg, rho = 0.10256703197956085
[host] after pyamg, rho = 0.0415729396045208
[host] after amg, rho = 128476.125
Traceback (most recent call last):
  File "./run.py", line 617, in <module>
    main()
  File "./run.py", line 453, in main
    np.testing.assert_allclose(xf_1d.ravel(), x_soln_final_32.ravel(), atol=check_tolerance, err_msg="xf != x_amg")
  File "/home/bricklib_dataflow/csl/sparse_csl/venv_new/bin/numpy/testing/_private/utils.py", line 1592, in assert_allclose
    assert_array_compare(compare, actual, desired, err_msg=str(err_msg),
  File "/cb/toolchains/buildroot/monolith-default/202403181828-238-5e1418a5/rootfs-x86_64/usr/lib/python3.8/contextlib.py", line 75, in inner
    return func(*args, **kwds)
  File "/home/bricklib_dataflow/csl/sparse_csl/venv_new/bin/numpy/testing/_private/utils.py", line 862, in assert_array_compare
    raise AssertionError(msg)
AssertionError: 
Not equal to tolerance rtol=1e-07, atol=0.811711
xf != x_amg
Mismatched elements: 125 / 125 (100%)
Max absolute difference: 62.184586
Max relative difference: 1.713817
 x: array([ 10.701013,  27.287579,  43.219673,  53.167194,  47.361717,
        18.833498,  43.01688 ,  65.09945 ,  77.31032 ,  65.84832 ,
        23.517626,  50.60331 ,  74.451355,  86.84364 ,  72.77275 ,...
 y: array([ 4.455525, 16.844564, 27.746868, 40.29821 , 37.80134 ,  9.091419,
       22.373302, 41.777073, 51.061337, 51.927925, 10.636065, 29.191822,
       42.91476 , 60.654945, 53.41307 , 13.782149, 28.110909, 48.069695,...
