
========================================================================================================================
  WITH convergence check
========================================================================================================================

             |       GH200(6/6/100)        |        GH200(4/4/6)         |        GH200(6/6/6)         |       GH200(4/4/100)
        Grid |        TTS  Iter    1-cycle |        TTS  Iter    1-cycle |        TTS  Iter    1-cycle |        TTS  Iter    1-cycle
------------------------------------------------------------------------------------------------------------------------------------
   16^3 (4) |   0.007058     2   0.003529 |   0.000930     2   0.000465 |   0.001287     2   0.000643 |   0.004963     2   0.002482
   32^3 (5) |   0.007561     2   0.003781 |   0.001288     2   0.000644 |   0.001695     2   0.000847 |   0.005327     2   0.002664
   64^3 (6) |   0.008756     2   0.004378 |   0.001785     2   0.000892 |   0.002420     2   0.001210 |   0.005811     2   0.002906
  128^3 (7) |   0.009220     2   0.004610 |   0.002538     2   0.001269 |   0.003470     2   0.001735 |   0.006342     2   0.003171
  256^3 (8) |   0.013611     2   0.006805 |   0.005828     2   0.002914 |   0.007767     2   0.003883 |   0.009604     2   0.004802
  512^3 (9) |   0.040568     2   0.020284 |   0.025986     2   0.012993 |   0.034722     2   0.017361 |   0.029886     2   0.014943



========================================================================================================================
  WITHOUT convergence check
========================================================================================================================

             |       GH200(6/6/100)        |        GH200(4/4/6)         |        GH200(6/6/6)         |       GH200(4/4/100)
        Grid |        TTS  Iter    1-cycle |        TTS  Iter    1-cycle |        TTS  Iter    1-cycle |        TTS  Iter    1-cycle
------------------------------------------------------------------------------------------------------------------------------------
   16^3 (4) |   0.006985     2   0.003492 |   0.000918     2   0.000459 |   0.001244     2   0.000622 |   0.004824     2   0.002412
   32^3 (5) |   0.007821     2   0.003910 |   0.001287     2   0.000643 |   0.001750     2   0.000875 |   0.005028     2   0.002514
   64^3 (6) |   0.008516     2   0.004258 |   0.001773     2   0.000887 |   0.002452     2   0.001226 |   0.005781     2   0.002890
  128^3 (7) |   0.009559     2   0.004779 |   0.002580     2   0.001290 |   0.003551     2   0.001775 |   0.007289     2   0.003645
  256^3 (8) |   0.013561     2   0.006781 |   0.005839     2   0.002919 |   0.007856     2   0.003928 |   0.009897     2   0.004948
  512^3 (9) |   0.040533     2   0.020266 |   0.025914     2   0.012957 |   0.034790     2   0.017395 |   0.030057     2   0.015029
